#io generator
#numio=10000 maxtracks=36 lambda=0.600000
9 14
15 17
24 21
26 1
29 13
36 11
37 25
38 20
44 32
50 7
51 8
53 23
60 2
67 1
70 22
73 35
76 20
79 15
88 27
89 11
93 33
101 3
110 26
119 22
128 2
135 6
137 15
146 14
147 0
154 31
157 29
166 30
169 14
171 13
172 17
178 24
181 20
188 12
190 27
199 9
206 28
209 5
210 14
214 17
217 13
219 32
220 12
226 20
232 1
241 32
245 22
250 33
251 12
253 17
255 27
264 2
265 3
267 21
272 27
281 8
284 24
291 7
297 26
299 13
305 6
309 2
313 1
314 27
321 4
329 0
330 5
335 32
343 23
352 0
356 5
360 8
369 24
378 25
385 7
389 14
394 21
402 24
409 17
417 19
421 5
426 3
430 26
439 21
441 5
445 4
452 18
459 20
465 32
466 19
471 2
472 16
478 25
480 9
481 18
490 10
494 18
498 3
500 25
501 31
508 34
511 23
515 5
519 21
521 2
523 13
525 25
534 2
537 6
542 11
545 5
552 17
558 33
565 14
571 8
579 21
581 15
582 20
586 16
594 28
595 0
602 9
605 35
613 25
616 0
620 33
626 17
632 4
637 16
639 24
643 8
645 29
650 17
653 5
662 10
671 5
673 26
676 25
682 10
685 5
687 35
690 30
691 3
693 18
700 31
706 2
712 13
716 2
720 19
722 17
728 24
729 4
732 34
735 29
741 7
747 10
755 13
757 5
758 3
759 32
763 28
772 0
774 11
778 0
787 26
790 24
794 7
801 8
810 34
812 1
819 24
822 7
829 22
831 1
835 28
842 18
849 5
856 11
857 29
859 7
865 28
868 17
871 16
880 26
884 29
887 31
888 18
890 10
891 4
895 34
897 13
899 15
900 11
906 13
910 28
914 18
915 34
919 15
921 13
923 21
930 26
938 31
946 35
949 31
951 27
952 24
961 16
964 11
968 31
977 14
979 33
988 10
991 9
996 24
1001 9
1005 13
1008 9
1015 4
1018 19
1020 2
1024 26
1027 28
1028 12
1036 6
1042 8
1048 19
1051 33
1052 5
1057 15
1063 34
1067 2
1068 24
1076 12
1079 22
1080 31
1083 20
1088 32
1093 26
1098 29
1106 11
1109 9
1113 16
1120 0
1121 28
1125 7
1127 1
1130 11
1133 0
1136 10
1139 1
1148 34
1157 20
1163 21
1166 20
1175 27
1183 7
1185 11
1187 17
1194 32
1200 31
1201 26
1202 16
1203 9
1211 16
1216 34
1219 21
1227 35
1229 17
1232 31
1235 5
1241 22
1244 2
1249 28
1253 17
1259 8
1261 29
1270 21
1272 4
1280 7
1285 18
1286 0
1287 2
1290 20
1293 11
1302 20
1307 0
1308 9
1315 25
1322 17
1330 4
1332 31
1338 21
1347 22
1354 20
1355 35
1360 9
1365 25
1370 1
1375 21
1376 22
1378 17
1381 35
1383 33
1391 14
1392 27
1393 30
1400 27
1405 12
1413 23
1422 5
1428 20
1436 10
1441 32
1449 6
1456 10
1460 8
1462 29
1463 6
1464 14
1473 12
1475 25
1484 1
1493 20
1502 4
1504 20
1513 19
1514 32
1517 11
1526 17
1527 8
1530 18
1538 19
1544 2
1553 22
1556 7
1558 19
1561 18
1567 14
1572 34
1581 22
1585 3
1589 33
1592 16
1595 20
1601 17
1610 7
1612 16
1620 15
1623 18
1631 21
1639 14
1645 9
1653 15
1658 20
1661 21
1662 32
1668 25
1675 4
1676 9
1682 31
1688 22
1697 19
1701 17
1704 3
1706 29
1713 21
1719 8
1721 10
1726 30
1730 18
1734 7
1736 24
1739 21
1742 9
1744 0
1746 15
1748 35
1753 28
1756 26
1757 8
1761 26
1770 29
1779 9
1782 30
1788 34
1791 33
1793 3
1795 31
1799 21
1800 18
1809 23
1814 8
1819 9
1828 6
1830 20
1838 8
1841 32
1845 28
1851 7
1857 4
1858 1
1859 17
1867 25
1868 0
1875 30
1876 14
1878 15
1881 25
1886 13
1895 0
1897 15
1904 35
1909 20
1910 28
1915 13
1917 17
1919 22
1921 13
1924 3
1929 27
1930 32
1931 10
1933 33
1942 26
1950 35
1959 10
1966 35
1975 13
1981 34
1985 0
1988 19
1991 2
1998 26
2001 33
2003 7
2004 9
2007 15
2012 12
2015 7
2018 11
2022 6
2024 15
2028 5
2032 33
2033 35
2036 20
2038 10
2042 8
2047 25
2050 32
2051 29
2055 18
2056 31
2062 21
2063 7
2070 18
2075 11
2084 29
2091 30
2100 29
2102 19
2110 22
2118 12
2125 17
2126 14
2127 0
2136 26
2137 28
2140 30
2149 24
2154 17
2156 33
2159 5
2166 9
2167 20
2172 24
2175 7
2179 28
2187 9
2190 3
2192 13
2199 19
2200 9
2203 4
2212 35
2217 9
2225 1
2228 24
2230 19
2232 33
2233 25
2234 27
2238 7
2245 12
2248 8
2251 27
2256 9
2258 27
2262 24
2270 17
2275 18
2282 20
2286 6
2288 31
2294 18
2301 34
2302 33
2308 25
2312 2
2317 27
2321 13
2324 28
2330 5
2332 12
2339 0
2343 20
2348 4
2354 30
2358 13
2365 15
2370 26
2371 11
2379 25
2382 16
2386 32
2393 30
2399 17
2408 0
2415 1
2422 30
2427 13
2430 25
2431 10
2437 22
2442 18
2444 8
2445 20
2454 34
2458 14
2466 12
2468 19
2475 9
2479 24
2481 12
2485 31
2491 34
2496 31
2498 11
2502 33
2509 20
2510 2
2517 27
2518 26
2524 6
2529 1
2532 5
2540 24
2546 18
2555 1
2563 28
2566 23
2568 28
2569 6
2574 26
2577 25
2581 5
2589 10
2597 19
2600 17
2605 32
2610 15
2615 11
2624 20
2627 0
2630 5
2638 29
2640 25
2649 17
2651 26
2659 1
2661 32
2666 33
2669 2
2672 0
2681 2
2684 20
2687 15
2688 27
2691 21
2700 16
2704 27
2710 8
2717 21
2721 3
2726 28
2730 13
2739 16
2743 35
2746 19
2749 35
2758 31
2759 26
2761 23
2767 9
2770 17
2774 6
2780 2
2786 29
2792 17
2801 8
2809 35
2810 11
2814 7
2820 0
2825 25
2834 19
2841 25
2849 20
2851 21
2858 28
2860 35
2867 13
2873 23
2874 21
2876 0
2881 18
2883 2
2889 14
2896 1
2905 22
2911 27
2912 3
2915 0
2923 17
2925 31
2927 25
2931 34
2938 25
2942 4
2948 23
2949 13
2951 27
2959 12
2965 18
2969 24
2970 30
2976 2
2978 0
2987 23
2993 17
2998 19
2999 5
3004 32
3006 10
3015 17
3021 2
3028 16
3037 3
3038 16
3039 23
3040 13
3044 30
3047 14
3051 21
3059 3
3061 27
3065 2
3074 1
3080 29
3081 35
3089 13
3092 4
3097 17
3101 15
3110 12
3112 30
3120 9
3129 0
3131 6
3138 13
3144 30
3146 28
3151 13
3156 29
3159 18
3160 30
3165 7
3168 4
3174 31
3175 14
3183 2
3189 31
3196 14
3203 24
3209 20
3211 4
3212 2
3216 24
3218 12
3220 17
3227 15
3228 23
3232 10
3239 32
3240 31
3245 2
3254 22
3261 1
3269 15
3276 18
3282 32
3288 28
3291 13
3298 24
3302 19
3308 6
3313 1
3317 8
3325 4
3327 29
3333 15
3338 28
3340 0
3344 31
3350 17
3354 18
3362 32
3366 23
3371 3
3372 26
3380 14
3382 31
3385 4
3387 0
3390 4
3397 31
3403 19
3404 26
3408 21
3413 35
3417 19
3421 5
3422 23
3424 31
3428 26
3429 14
3430 4
3434 16
3443 20
3451 30
3453 16
3457 6
3461 5
3468 18
3473 13
3480 18
3486 6
3489 8
3497 21
3502 2
3508 6
3512 30
3513 3
3519 0
3522 6
3525 27
3527 35
3536 2
3540 21
3543 20
3546 34
3548 20
3550 19
3554 34
3555 20
3561 13
3565 19
3566 10
3570 20
3573 22
3574 31
3575 34
3579 26
3582 2
3583 13
3585 26
3591 31
3592 24
3599 13
3602 31
3610 34
3611 18
3616 23
3621 31
3630 23
3639 5
3646 13
3647 33
3653 20
3658 16
3661 32
3662 18
3668 34
3672 14
3681 21
3686 15
3687 8
3691 31
3695 18
3696 24
3705 31
3713 22
3716 19
3724 15
3725 4
3731 14
3737 4
3739 10
3745 28
3749 34
3751 13
3759 31
3760 14
3764 5
3766 15
3774 32
3778 34
3785 6
3786 2
3794 22
3800 1
3809 27
3815 19
3821 2
3829 28
3838 0
3841 11
3842 23
3849 6
3853 23
3859 18
3862 24
3868 27
3873 11
3877 23
3879 20
3882 0
3883 3
3892 34
3899 16
3900 3
3908 11
3913 19
3914 35
3920 31
3926 17
3929 0
3931 20
3935 11
3941 24
3944 22
3948 16
3953 33
3957 26
3960 1
3966 34
3974 29
3980 23
3982 7
3987 11
3989 34
3997 31
3999 20
4003 24
4004 6
4005 25
4012 4
4014 17
4015 24
4019 31
4024 22
4031 15
4035 10
4041 25
4050 1
4058 34
4066 6
4070 15
4078 27
4083 2
4086 13
4087 25
4095 13
4098 15
4100 2
4106 17
4110 35
4111 8
4120 9
4122 31
4123 5
4129 21
4138 18
4139 0
4148 21
4149 25
4153 20
4161 29
4162 34
4169 30
4172 12
4179 23
4183 28
4192 29
4197 5
4206 25
4214 20
4219 14
4226 23
4229 13
4236 2
4244 14
4245 27
4246 12
4252 1
4253 5
4256 1
4263 34
4270 27
4277 16
4285 27
4286 28
4288 6
4289 15
4293 19
4295 22
4298 24
4305 5
4313 31
4322 12
4324 13
4332 10
4333 22
4338 18
4346 28
4348 7
4352 17
4354 0
4362 9
4368 10
4377 18
4380 29
4385 11
4392 35
4394 3
4396 7
4399 19
4406 17
4407 12
4409 34
4414 20
4418 4
4426 18
4427 28
4434 31
4440 13
4444 20
4451 12
4452 16
4455 14
4463 33
4464 12
4468 24
4469 9
4473 11
4474 3
4478 34
4486 13
4491 27
4495 7
4502 14
4506 29
4511 0
4512 35
4520 4
4521 7
4522 27
4530 8
4539 5
4546 10
4548 32
4555 10
4562 7
4564 15
4573 32
4578 27
4580 7
4584 31
4585 27
4593 3
4601 2
4603 3
4610 8
4612 28
4615 5
4621 1
4629 30
4632 9
4634 32
4641 21
4644 16
4646 6
4648 16
4651 27
4652 7
4656 0
4659 22
4660 24
4661 18
4662 19
4669 7
4676 24
4679 28
4682 32
4683 23
4684 21
4690 22
4693 30
4700 13
4702 30
4709 35
4718 32
4723 35
4724 4
4729 33
4731 15
4736 14
4744 15
4752 27
4756 17
4757 7
4762 19
4765 32
4768 9
4773 13
4774 19
4775 21
4776 11
4777 5
4782 23
4789 1
4793 6
4801 10
4807 14
4809 32
4814 33
4817 23
4819 12
4824 35
4827 30
4831 17
4832 24
4835 13
4842 0
4847 2
4851 28
4860 30
4864 12
4865 16
4874 2
4882 22
4885 8
4891 2
4892 4
4900 27
4905 34
4913 10
4915 4
4917 10
4923 14
4930 18
4933 24
4939 30
4943 24
4951 13
4953 11
4958 35
4961 30
4963 21
4969 9
4973 35
4978 29
4987 4
4994 13
5003 12
5009 23
5012 16
5016 31
5017 14
5019 15
5025 31
5028 3
5034 17
5037 11
5038 24
5045 6
5047 23
5049 8
5056 5
5061 26
5065 12
5068 31
5075 26
5083 9
5092 12
5101 30
5107 3
5111 8
5115 31
5118 6
5124 21
5127 13
5135 25
5136 1
5138 31
5142 23
5144 14
5147 4
5148 12
5151 4
5157 13
5166 14
5169 19
5174 34
5177 1
5182 21
5186 19
5188 22
5193 21
5197 3
5198 27
5202 23
5210 22
5219 9
5226 24
5231 27
5233 26
5239 28
5240 29
5243 27
5245 35
5253 20
5258 13
5264 31
5265 6
5269 0
5276 19
5278 20
5279 34
5281 11
5286 1
5288 29
5290 5
5292 2
5295 8
5297 28
5303 25
5306 22
5314 6
5322 16
5328 6
5336 4
5338 8
5339 35
5341 10
5343 3
5347 16
5349 22
5357 20
5363 7
5366 17
5375 30
5382 16
5384 23
5392 0
5399 33
5407 34
5409 5
5410 9
5413 15
5418 18
5427 1
5435 21
5443 15
5445 4
5452 29
5457 34
5464 3
5465 18
5466 12
5475 6
5477 8
5479 16
5483 26
5491 3
5492 30
5493 3
5496 1
5500 28
5501 10
5506 8
5514 20
5521 0
5529 34
5530 8
5531 19
5537 26
5539 19
5546 18
5549 34
5554 30
5563 3
5568 6
5571 8
5574 10
5581 16
5583 22
5585 23
5594 10
5602 5
5606 15
5613 7
5619 13
5620 27
5629 28
5634 35
5642 8
5643 9
5647 19
5651 10
5659 33
5660 20
5669 16
5672 4
5681 31
5690 6
5694 12
5695 27
5696 20
5702 7
5705 34
5707 25
5710 32
5712 26
5720 5
5725 33
5727 8
5735 29
5741 1
5748 21
5757 5
5759 6
5768 16
5771 17
5772 21
5781 3
5790 23
5794 30
5803 10
5810 2
5819 25
5822 6
5827 8
5835 24
5844 17
5850 34
5855 1
5860 17
5864 2
5869 4
5875 2
5880 10
5889 21
5894 25
5899 18
5902 3
5908 1
5910 21
5916 10
5919 9
5925 15
5928 12
5936 32
5939 19
5942 10
5947 0
5953 5
5959 12
5965 3
5968 14
5969 26
5978 30
5980 10
5988 24
5994 6
5999 20
6004 5
6009 1
6012 23
6013 1
6019 29
6020 13
6021 31
6025 22
6027 13
6029 17
6032 12
6038 26
6039 15
6042 14
6051 0
6052 20
6057 8
6058 24
6066 0
6074 9
6075 27
6081 30
6084 8
6086 31
6091 22
6096 13
6103 2
6110 8
6116 11
6118 10
6127 19
6131 23
6134 18
6138 25
6144 10
6147 20
6149 30
6156 21
6162 16
6163 11
6170 2
6173 22
6175 17
6178 19
6185 24
6192 27
6193 11
6196 23
6203 34
6206 19
6208 29
6212 24
6220 5
6223 13
6226 26
6227 15
6234 26
6239 6
6241 14
6249 3
6250 2
6253 22
6259 7
6264 3
6270 30
6279 31
6282 22
6289 20
6290 34
6296 12
6299 30
6300 5
6303 11
6306 31
6307 18
6308 33
6314 35
6315 9
6323 4
6330 19
6335 20
6340 25
6343 1
6347 8
6348 22
6354 17
6358 23
6362 22
6370 16
6372 31
6377 20
6386 18
6392 0
6394 7
6399 30
6401 11
6405 14
6411 21
6419 34
6426 17
6431 9
6435 7
6443 2
6450 29
6454 4
6460 5
6466 23
6471 13
6476 34
6481 11
6488 33
6493 12
6495 33
6496 10
6502 23
6511 34
6512 4
6520 8
6529 24
6536 3
6539 33
6546 1
6551 6
6557 19
6564 0
6566 25
6571 24
6580 21
6581 9
6583 30
6584 8
6586 3
6588 10
6595 2
6598 5
6599 6
6604 14
6612 5
6613 31
6617 18
6618 32
6622 28
6628 2
6637 32
6639 35
6640 14
6642 18
6643 12
6651 4
6655 34
6659 14
6665 9
6670 20
6677 28
6680 9
6685 19
6690 17
6698 34
6701 5
6704 26
6709 20
6714 33
6717 25
6720 14
6721 30
6725 31
6726 16
6734 33
6742 6
6746 15
6747 6
6756 3
6757 13
6758 18
6766 3
6767 17
6772 6
6775 0
6778 11
6782 10
6785 24
6791 12
6796 23
6800 5
6806 11
6813 16
6816 1
6825 18
6834 3
6840 16
6842 23
6846 13
6854 32
6856 11
6861 2
6866 7
6872 6
6874 28
6882 24
6889 25
6890 7
6896 5
6902 25
6903 15
6904 12
6911 30
6919 5
6927 28
6928 3
6933 11
6939 30
6948 7
6955 30
6963 22
6967 1
6974 10
6975 19
6978 34
6979 27
6985 1
6991 32
7000 16
7009 6
7013 21
7017 11
7020 18
7022 22
7024 3
7028 34
7033 19
7040 33
7046 10
7055 5
7057 4
7065 0
7066 21
7074 3
7082 9
7087 15
7094 33
7102 9
7103 17
7108 10
7112 33
7116 11
7124 10
7129 28
7132 31
7140 13
7148 2
7157 28
7158 0
7163 16
7168 2
7169 20
7178 17
7185 15
7188 22
7196 31
7198 19
7203 26
7206 20
7208 22
7215 3
7221 8
7227 27
7230 10
7236 33
7237 19
7242 6
7246 19
7254 2
7260 21
7264 9
7270 27
7278 28
7285 25
7293 18
7302 21
7304 14
7312 34
7314 35
7316 4
7321 34
7323 6
7327 13
7332 2
7337 12
7339 29
7340 4
7345 33
7346 31
7351 15
7353 17
7356 22
7359 16
7368 21
7377 33
7379 16
7381 10
7383 33
7384 24
7386 34
7394 14
7399 30
7402 28
7408 0
7409 18
7414 23
7423 1
7428 20
7432 17
7435 35
7442 23
7447 6
7454 30
7455 25
7457 27
7461 24
7465 11
7471 27
7473 6
7475 35
7476 13
7481 26
7485 4
7486 31
7490 5
7491 3
7493 34
7502 17
7507 7
7509 8
7517 28
7521 20
7525 31
7531 32
7539 33
7541 15
7546 28
7550 32
7555 23
7563 6
7570 2
7572 6
7574 23
7579 16
7587 32
7589 25
7592 33
7594 11
7600 5
7601 21
7604 9
7605 4
7606 31
7613 2
7618 4
7621 28
7622 22
7625 29
7628 25
7631 3
7632 13
7634 17
7638 22
7643 34
7644 32
7645 13
7646 4
7653 9
7657 20
7660 4
7661 7
7664 33
7669 17
7676 20
7678 7
7684 11
7687 21
7691 28
7696 19
7705 28
7710 26
7711 11
7714 9
7716 24
7719 27
7724 4
7725 24
7726 3
7727 7
7730 16
7738 26
7746 18
7747 23
7748 27
7753 35
7756 12
7761 24
7765 30
7766 11
7773 29
7776 1
7780 20
7786 27
7790 6
7796 11
7797 19
7803 13
7805 12
7808 25
7814 14
7816 13
7825 4
7828 16
7829 33
7837 8
7840 16
7842 6
7843 32
7846 33
7847 15
7853 5
7857 1
7861 31
7868 6
7870 2
7874 8
7875 35
7877 23
7878 10
7882 15
7888 0
7895 32
7896 24
7898 6
7906 24
7908 22
7915 29
7921 11
7927 16
7931 35
7935 2
7936 25
7940 12
7941 30
7949 23
7954 31
7957 17
7958 3
7964 10
7973 15
7978 22
7980 15
7982 21
7988 3
7989 6
7991 33
7992 31
7994 16
8000 5
8002 1
8006 28
8007 22
8011 17
8016 35
8017 8
8021 18
8028 21
8030 33
8036 18
8039 11
8047 26
8054 21
8062 31
8070 33
8073 25
8074 20
8079 7
8084 30
8087 5
8089 10
8096 21
8097 17
8099 19
8104 13
8106 15
8115 5
8117 32
8123 21
8124 27
8132 28
8135 2
8138 7
8142 21
8146 29
8149 5
8157 9
8160 12
8167 1
8173 3
8177 24
8179 29
8184 12
8188 6
8192 11
8194 25
8201 32
8206 13
8210 15
8217 23
8221 21
8229 31
8238 26
8246 23
8253 14
8255 3
8256 32
8259 27
8268 2
8270 28
8271 3
8277 29
8281 6
8282 8
8289 26
8297 21
8304 16
8308 15
8310 32
8317 13
8318 24
8325 32
8332 29
8341 32
8348 3
8349 16
8358 25
8363 6
8372 15
8380 28
8381 17
8386 23
8395 1
8404 32
8411 11
8415 5
8424 9
8433 32
8434 2
8440 9
8442 4
8443 0
8449 12
8458 6
8460 27
8463 13
8469 14
8478 23
8479 9
8485 25
8488 22
8497 13
8501 3
8504 7
8506 27
8508 19
8515 3
8523 26
8525 5
8529 23
8537 31
8542 23
8544 22
8546 17
8554 35
8555 11
8560 5
8566 8
8567 12
8572 31
8578 4
8583 28
8586 3
8587 31
8593 1
8599 14
8605 0
8609 32
8618 24
8619 21
8626 32
8632 1
8637 32
8644 27
8648 21
8654 33
8660 32
8667 15
8676 18
8683 23
8687 30
8692 0
8698 23
8704 34
8706 18
8714 35
8718 31
8719 28
8727 34
8729 17
8735 9
8736 21
8741 20
8745 15
8746 2
8748 31
8752 27
8761 28
8763 29
8770 30
8776 31
8780 28
8789 30
8791 24
8794 10
8795 2
8803 25
8807 2
8814 27
8823 31
8830 16
8835 27
8837 33
8842 1
8849 10
8857 29
8864 24
8871 22
8880 17
8886 15
8893 31
8897 22
8901 35
8907 12
8913 22
8914 18
8922 9
8924 29
8932 13
8937 5
8939 14
8948 35
8949 21
8958 24
8960 14
8963 6
8971 2
8977 31
8983 3
8988 13
8990 5
8994 8
8997 30
8999 7
9004 16
9008 1
9011 18
9012 35
9015 32
9017 30
9019 17
9025 15
9026 22
9027 12
9028 20
9034 14
9042 29
9050 35
9055 20
9060 24
9069 4
9077 34
9082 29
9084 16
9085 27
9086 21
9095 29
9102 12
9104 0
9107 14
9116 10
9118 33
9121 14
9125 35
9126 34
9127 4
9136 26
9145 7
9146 4
9155 13
9161 34
9162 18
9164 8
9172 11
9178 9
9180 0
9184 7
9187 33
9193 14
9202 34
9205 3
9207 30
9211 0
9212 17
9215 32
9218 21
9221 26
9228 10
9232 19
9234 3
9238 35
9240 13
9249 8
9256 2
9258 3
9266 14
9271 33
9275 3
9277 16
9281 32
9289 10
9295 5
9297 10
9303 24
9310 28
9311 29
9318 16
9319 29
9325 34
9333 1
9340 15
9346 26
9353 1
9356 11
9365 12
9370 25
9374 34
9383 7
9388 30
9395 23
9402 10
9410 23
9417 19
9425 12
9429 20
9433 12
9442 24
9444 10
9451 29
9453 28
9461 22
9467 10
9475 1
9476 18
9485 2
9493 14
9498 15
9501 3
9508 20
9511 23
9514 26
9517 7
9526 8
9527 32
9535 9
9540 5
9546 10
9551 25
9553 29
9556 19
9560 18
9562 4
9567 27
9574 34
9578 7
9579 17
9582 13
9585 10
9590 0
9593 27
9599 25
9602 14
9611 4
9612 3
9613 22
9618 27
9619 34
9627 25
9633 23
9638 7
9646 29
9652 10
9653 2
9658 29
9663 28
9669 35
9670 24
9673 28
9675 1
9678 2
9679 14
9688 32
9689 22
9693 12
9697 14
9704 20
9707 14
9708 35
9717 4
9726 5
9733 1
9737 21
9740 22
9743 28
9746 15
9752 21
9754 34
9758 23
9767 13
9768 2
9775 22
9777 5
9782 8
9784 20
9787 3
9792 34
9798 35
9802 27
9805 13
9806 31
9813 33
9815 28
9819 35
9826 31
9827 30
9832 31
9839 17
9841 2
9847 6
9852 23
9860 7
9865 3
9870 31
9879 23
9885 32
9894 17
9897 34
9898 9
9899 2
9907 1
9908 25
9912 17
9919 20
9920 34
9921 29
9928 32
9932 35
9937 12
9946 9
9954 8
9958 9
9959 27
9963 13
9971 14
9974 0
9983 18
9991 25
9998 26
10002 24
10007 20
10008 22
10009 17
10014 16
10018 25
10024 32
10031 7
10033 24
10038 26
10044 24
10045 22
10046 32
10049 33
10052 5
10057 0
10059 7
10060 28
10067 24
10069 9
10072 13
10081 11
10082 7
10087 31
10094 12
10099 20
10106 7
10107 25
10113 5
10114 29
10120 6
10129 14
10137 28
10138 1
10142 22
10149 29
10150 15
10156 2
10162 10
10167 27
10174 35
10181 18
10182 33
10184 31
10187 30
10191 12
10196 20
10201 24
10202 25
10210 2
10219 10
10226 0
10231 29
10232 17
10239 33
10248 34
10256 11
10263 35
10270 23
10274 4
10276 2
10282 34
10283 23
10288 11
10295 22
10298 30
10300 7
10309 26
10318 34
10325 1
10332 29
10339 15
10341 33
10347 12
10352 23
10356 22
10358 18
10363 33
10370 14
10374 6
10375 28
10378 8
10382 13
10383 9
10385 0
10387 3
10394 4
10398 3
10399 16
10405 32
10414 12
10415 15
10424 6
10426 13
10432 16
10437 18
10444 31
10445 2
10447 20
10452 24
10460 27
10461 35
10468 16
10471 20
10474 13
10483 21
10490 32
10497 2
10499 17
10503 33
10512 12
10519 1
10524 31
10527 4
10536 0
10543 29
10550 0
10557 22
10560 8
10561 30
10566 5
10569 15
10570 17
10573 25
10575 13
10581 34
10590 4
10598 5
10606 26
10615 32
10619 21
10622 28
10629 7
10632 34
10637 30
10645 11
10648 20
10650 25
10652 28
10657 6
10663 25
10665 23
10668 10
10672 35
10680 33
10687 24
10688 23
10695 1
10701 23
10703 3
10704 25
10711 17
10714 20
10718 3
10720 25
10728 1
10732 17
10734 1
10738 7
10747 9
10755 2
10758 19
10766 17
10767 18
10775 11
10781 20
10782 35
10788 27
10791 33
10795 15
10800 29
10803 2
10806 12
10814 17
10821 16
10823 11
10829 30
10830 0
10834 26
10841 28
10845 29
10852 0
10858 33
10862 5
10866 12
10871 20
10874 0
10882 10
10886 26
10892 30
10895 24
10896 16
10897 33
10902 0
10907 13
10911 17
10912 21
10913 4
10916 22
10919 0
10920 29
10921 3
10925 31
10933 13
10941 10
10948 1
10950 11
10956 26
10964 6
10972 17
10975 1
10980 28
10986 0
10993 32
11000 30
11009 13
11017 27
11023 29
11030 33
11038 3
11047 7
11050 25
11059 10
11067 30
11074 10
11082 12
11087 32
11091 6
11097 19
11098 16
11106 31
11108 34
11114 8
11121 27
11122 0
11123 33
11132 16
11139 28
11140 4
11146 19
11147 10
11155 4
11162 3
11170 11
11171 0
11178 3
11186 2
11191 10
11199 12
11203 32
11207 15
11215 34
11216 23
11217 12
11220 25
11225 23
11230 25
11233 24
11238 27
11246 22
11250 35
11254 21
11262 33
11265 13
11272 34
11279 24
11287 1
11289 13
11295 26
11304 13
11306 24
11313 1
11315 20
11324 33
11332 16
11338 34
11343 19
11351 1
11359 25
11368 13
11376 26
11382 33
11383 15
11389 3
11396 0
11403 22
11404 35
11406 32
11410 35
11418 2
11422 26
11425 15
11426 29
11435 33
11439 31
11448 19
11449 29
11453 33
11456 22
11461 0
11470 18
11474 33
11477 19
11480 4
11485 33
11489 25
11491 23
11499 19
11507 3
11508 25
11513 4
11514 10
11515 27
11523 5
11529 16
11534 22
11541 7
11550 30
11554 20
11561 7
11567 27
11568 23
11576 14
11578 18
11582 17
11589 23
11591 26
11598 35
11599 16
11604 0
11609 25
11618 17
11624 15
11631 9
11633 34
11634 23
11642 19
11645 2
11649 7
11655 27
11664 19
11670 4
11679 12
11684 2
11691 17
11692 22
11699 16
11704 28
11708 26
11711 13
11713 16
11720 12
11729 35
11735 33
11740 16
11745 28
11746 7
11754 12
11759 25
11763 9
11766 35
11773 8
11776 20
11782 30
11790 5
11795 7
11800 10
11807 18
11815 9
11819 16
11825 24
11833 33
11837 22
11841 28
11845 23
11847 35
11848 1
11855 2
11856 16
11858 10
11862 3
11866 15
11868 4
11876 14
11883 20
11885 26
11890 30
11892 4
11897 16
11902 10
11909 23
11913 29
11917 20
11926 33
11934 9
11943 15
11946 19
11954 25
11959 28
11963 12
11966 7
11975 9
11979 3
11987 0
11993 6
12000 14
12006 22
12014 9
12019 29
12020 32
12027 20
12029 13
12032 35
12033 3
12037 21
12041 25
12045 28
12047 22
12053 11
12056 31
12063 20
12069 24
12077 13
12081 35
12083 11
12088 20
12094 1
12098 25
12100 23
12101 31
12102 34
12105 33
12106 1
12111 20
12114 18
12120 8
12123 33
12132 29
12135 33
12142 17
12148 16
12152 8
12153 28
12161 14
12166 0
12168 2
12177 21
12182 5
12186 3
12193 28
12194 10
12200 3
12201 0
12202 32
12206 33
12209 1
12210 19
12217 1
12226 18
12228 21
12236 25
12241 2
12243 24
12251 2
12258 7
12265 33
12267 20
12275 16
12279 7
12283 23
12290 11
12295 25
12302 0
12305 26
12314 4
12316 35
12319 0
12327 17
12335 3
12337 28
12340 7
12346 34
12347 16
12349 23
12358 27
12364 29
12368 27
12369 7
12375 13
12379 24
12386 20
12391 9
12394 24
12398 8
12405 34
12412 5
12416 3
12423 21
12424 28
12426 31
12431 29
12436 30
12438 8
12443 1
12444 22
12446 21
12448 30
12455 14
12460 28
12463 15
12472 35
12476 27
12480 23
12484 32
12488 6
12494 1
12501 19
12503 13
12508 9
12512 8
12516 5
12520 13
12529 34
12538 28
12541 14
12547 33
12551 35
12555 2
12563 3
12564 22
12566 9
12569 30
12573 28
12576 27
12578 23
12580 17
12581 24
12585 6
12590 9
12595 2
12604 18
12613 19
12618 31
12623 29
12627 34
12635 28
12640 25
12641 13
12649 24
12653 3
12656 0
12658 1
12660 31
12662 32
12669 31
12674 13
12680 10
12681 9
12682 6
12690 31
12691 7
12700 4
12708 16
12709 9
12712 17
12714 26
12716 15
12717 18
12724 4
12725 6
12733 16
12736 4
12742 22
12744 26
12748 7
12757 24
12758 3
12763 21
12765 30
12772 6
12779 5
12784 28
12787 3
12792 18
12794 28
12797 25
12798 18
12801 28
12808 5
12810 1
12811 34
12812 8
12816 27
12820 14
12827 12
12831 20
12835 5
12838 32
12840 34
12843 18
12849 29
12850 32
12852 23
12858 6
12865 33
12866 31
12869 6
12872 5
12878 29
12887 3
12890 19
12895 18
12903 28
12911 33
12913 22
12919 18
12923 3
12924 7
12926 34
12927 18
12935 0
12943 1
12946 2
12953 8
12961 22
12965 16
12966 17
12975 33
12977 32
12978 35
12983 26
12987 27
12995 26
13002 31
13006 25
13014 16
13020 11
13024 19
13028 14
13029 3
13037 10
13042 29
13043 34
13049 15
13058 13
13059 16
13060 1
13061 6
13069 2
13075 21
13084 5
13086 8
13092 31
13099 7
13101 34
13103 4
13105 33
13114 17
13122 25
13130 29
13132 8
13136 14
13140 3
13145 16
13147 33
13153 34
13160 18
13161 2
13165 18
13166 26
13169 6
13170 10
13178 5
13187 8
13190 6
13193 31
13197 13
13200 24
13209 31
13218 21
13226 24
13232 20
13237 34
13239 0
13243 11
13252 25
13255 33
13264 29
13266 24
13272 3
13275 22
13284 11
13288 19
13289 6
13294 11
13303 8
13311 32
13315 33
13316 0
13323 23
13332 27
13335 2
13336 27
13342 8
13345 6
13348 32
13354 24
13357 0
13362 33
13370 5
13378 33
13380 3
13389 2
13395 31
13402 8
13411 32
13414 25
13419 21
13426 0
13433 9
13441 19
13450 35
13459 33
13463 31
13471 25
13477 30
13486 29
13493 1
13497 23
13505 28
13510 26
13511 11
13514 27
13515 14
13519 11
13521 1
13523 12
13528 5
13530 10
13538 4
13540 24
13548 10
13549 19
13550 1
13551 32
13552 16
13554 34
13559 25
13563 35
13568 12
13570 24
13575 9
13582 34
13586 22
13593 10
13602 4
13606 18
13608 20
13613 6
13620 4
13623 26
13629 6
13631 26
13632 32
13636 21
13642 9
13650 16
13651 15
13653 9
13656 8
13659 32
13665 23
13669 14
13676 8
13680 10
13689 16
13690 0
13695 5
13696 27
13703 17
13708 8
13714 2
13716 34
13718 24
13719 25
13723 33
13725 1
13727 5
13729 32
13732 9
13733 33
13737 8
13742 24
13744 28
13747 3
13749 2
13751 34
13756 33
13759 10
13760 30
13764 32
13767 23
13768 11
13771 18
13780 26
13785 23
13788 2
13789 24
13790 16
13795 9
13799 25
13802 24
13809 8
13815 11
13816 5
13825 12
13828 2
13835 35
13842 26
13848 14
13855 3
13859 33
13866 22
13869 15
13877 17
13886 20
13894 23
13897 4
13900 26
13902 19
13908 21
13917 27
13920 35
13928 6
13934 19
13939 17
13944 2
13947 15
13953 29
13961 20
13963 30
13964 7
13968 19
13970 32
13972 20
13975 34
13976 15
13982 20
13985 27
13987 22
13993 14
13994 3
14002 1
14007 7
14015 28
14018 13
14020 26
14022 21
14024 25
14028 17
14029 10
14033 30
14040 25
14049 5
14051 25
14055 13
14063 23
14064 33
14066 16
14073 4
14081 6
14085 21
14088 2
14096 5
14101 13
14103 33
14106 32
14113 7
14118 26
14121 32
14124 33
14126 12
14131 18
14133 33
14142 3
14149 9
14153 15
14159 22
14161 31
14163 24
14164 6
14173 11
14179 24
14185 21
14186 31
14190 7
14193 28
14194 13
14202 6
14203 5
14209 22
14217 12
14226 27
14231 22
14240 28
14246 2
14252 0
14258 15
14264 12
14268 10
14269 1
14273 21
14280 22
14289 26
14296 6
14304 19
14311 27
14319 19
14323 13
14327 10
14332 0
14334 15
14341 23
14350 2
14358 1
14362 17
14370 7
14373 22
14378 18
14383 16
14385 7
14392 34
14396 11
14398 22
14406 9
14412 8
14418 17
14426 24
14430 27
14436 3
14437 22
14439 25
14440 11
14442 27
14450 29
14453 0
14461 12
14466 6
14471 8
14479 33
14481 20
14484 7
14486 34
14495 35
14496 22
14498 33
14506 24
14508 22
14513 3
14518 34
14522 10
14528 24
14536 33
14543 26
14551 3
14553 10
14555 20
14556 9
14560 10
14563 6
14568 13
14570 23
14575 32
14581 11
14589 30
14596 5
14600 18
14604 10
14611 13
14614 3
14619 24
14624 31
14633 8
14634 14
14637 29
14644 16
14645 4
14646 15
14655 1
14657 3
14662 27
14670 17
14673 35
14674 3
14679 0
14687 7
14690 10
14691 26
14692 24
14700 9
14708 11
14709 33
14713 10
14717 12
14720 23
14723 11
14724 30
14726 10
14735 35
14737 31
14741 15
14742 19
14747 32
14753 11
14760 1
14761 2
14762 4
14767 19
14772 0
14781 11
14784 10
14787 9
14792 26
14793 22
14794 17
14798 23
14803 3
14805 20
14813 23
14815 31
14822 14
14823 34
14829 22
14834 33
14838 34
14841 26
14846 4
14855 7
14856 6
14862 25
14869 13
14876 5
14885 24
14892 9
14897 22
14903 25
14908 27
14911 7
14918 0
14919 11
14928 19
14932 23
14939 29
14940 17
14944 1
14951 13
14952 27
14961 1
14966 22
14972 12
14973 16
14979 15
14981 26
14986 21
14992 4
14998 10
15005 25
15010 33
15014 5
15023 13
15027 5
15028 20
15029 6
15030 27
15038 20
15047 12
15049 15
15054 1
15055 27
15056 32
15065 22
15069 19
15074 24
15078 0
15079 24
15080 28
15087 11
15092 7
15097 21
15101 31
15102 32
15105 24
15106 12
15112 5
15121 29
15127 18
15130 13
15133 21
15139 13
15143 32
15146 4
15155 26
15161 30
15168 31
15174 29
15176 15
15181 4
15182 22
15191 31
15192 13
15194 5
15201 30
15209 14
15210 11
15215 19
15218 21
15220 4
15223 1
15232 6
15240 11
15245 32
15254 27
15259 25
15268 2
15269 31
15277 2
15283 10
15285 5
15290 32
15296 1
15300 34
15301 33
15310 5
15311 30
15314 26
15320 15
15324 30
15325 28
15331 9
15336 5
15338 16
15340 17
15342 5
15349 4
15351 25
15354 29
15363 32
15368 25
15370 2
15374 12
15376 2
15380 13
15385 25
15388 0
15389 29
15393 6
15398 10
15405 27
15409 19
15417 34
15420 30
15428 33
15432 6
15436 10
15439 21
15446 30
15448 19
15450 9
15456 3
15462 31
15463 14
15464 1
15465 25
15469 2
15474 33
15482 18
15490 16
15496 32
15500 8
15501 0
15508 1
15516 2
15520 5
15522 9
15523 3
15524 15
15528 10
15531 25
15540 1
15547 23
15556 6
15563 4
15571 26
15576 3
15585 24
15593 34
15597 35
15601 24
15603 28
15611 15
15619 12
15628 7
15635 23
15636 30
15639 31
15646 2
15651 6
15659 13
15666 0
15668 18
15677 9
15685 29
15691 8
15696 22
15702 18
15711 22
15717 28
15719 32
15724 24
15731 15
15737 29
15745 26
15748 27
15754 10
15760 1
15762 21
15769 1
15777 15
15783 19
15792 24
15793 23
15796 15
15800 3
15802 18
15809 5
15814 26
15822 1
15826 23
15833 27
15835 30
15844 24
15845 28
15852 11
15856 17
15862 34
15870 10
15879 23
15884 29
15891 6
15895 25
15896 2
15898 1
15905 24
15913 34
15918 21
15921 25
15930 26
15937 16
15938 18
15941 3
15948 17
15951 3
15959 9
15961 17
15970 18
15974 11
15978 13
15981 11
15986 1
15989 2
15996 13
16003 19
16010 35
16012 2
16020 27
16021 10
16029 2
16033 4
16037 18
16042 3
16049 7
16052 30
16058 28
16062 26
16063 20
16067 22
16069 1
16072 11
16078 14
16087 17
16092 8
16094 23
16101 17
16102 10
16104 4
16106 27
16115 0
16119 17
16125 29
16127 15
16130 11
16138 25
16141 22
16142 13
16143 25
16148 17
16151 14
16160 21
16166 2
16174 29
16177 23
16184 15
16185 10
16186 1
16188 16
16191 25
16198 13
16201 6
16205 19
16206 10
16207 22
16212 19
16216 8
16217 23
16224 30
16228 0
16229 24
16232 5
16236 6
16244 31
16249 3
16257 6
16262 0
16265 29
16270 3
16272 6
16274 21
16281 17
16286 32
16288 18
16291 9
16296 3
16298 4
16299 29
16301 5
16307 32
16309 20
16317 18
16323 6
16328 2
16331 35
16337 7
16340 11
16346 30
16350 35
16354 22
16356 21
16364 3
16372 1
16379 28
16381 12
16389 7
16397 13
16405 3
16414 17
16423 23
16429 15
16438 29
16439 30
16442 4
16444 0
16447 33
16455 18
16462 33
16464 22
16465 24
16469 15
16474 31
16476 25
16484 12
16485 30
16493 10
16502 26
16505 29
16510 5
16519 19
16528 33
16536 20
16537 18
16542 3
16550 35
16557 28
16559 35
16564 11
16572 33
16574 21
16577 4
16583 33
16585 28
16594 14
16601 17
16603 25
16605 32
16613 30
16622 18
16631 31
16635 26
16640 28
16646 10
16651 8
16654 7
16659 19
16667 30
16673 17
16674 16
16683 20
16684 10
16687 1
16690 19
16692 1
16699 34
16706 18
16708 33
16712 12
16714 3
16722 7
16727 26
16735 4
16744 11
16748 17
16750 0
16754 17
16757 3
16761 26
16763 25
16772 30
16781 31
16790 16
16791 9
16795 4
16799 5
16807 12
16809 30
16814 12
16817 5
16823 15
16829 6
16837 27
16843 22
16851 1
16853 29
16861 10
16867 30
16873 32
16875 0
16880 14
16888 33
16894 26
16899 1
16905 26
16909 15
16917 6
16922 1
16927 12
16935 18
16940 21
16942 13
16946 16
16951 18
16954 35
16960 4
16965 27
16966 12
16970 28
16977 13
16978 34
16987 9
16992 22
17000 4
17002 18
17006 22
17015 33
17016 18
17018 32
17027 0
17032 27
17034 33
17036 1
17042 22
17044 23
17049 19
17054 8
17055 21
17058 14
17065 0
17072 9
17077 28
17081 18
17088 20
17092 13
17094 28
17096 21
17103 35
17104 4
17109 30
17114 11
17121 32
17124 6
17133 11
17134 2
17138 24
17146 1
17147 23
17152 25
17161 17
17163 20
17165 12
17172 16
17181 23
17183 27
17191 6
17192 2
17193 19
17195 9
17200 27
17209 17
17216 3
17217 16
17224 7
17227 10
17231 35
17236 32
17243 3
17251 15
17252 6
17253 2
17256 14
17260 33
17263 28
17267 7
17273 1
17280 7
17283 23
17286 31
17295 34
17303 20
17310 22
17315 25
17322 32
17323 9
17328 0
17335 21
17338 4
17343 11
17344 23
17345 14
17352 28
17359 26
17367 12
17372 17
17374 19
17382 6
17389 27
17392 15
17399 8
17400 30
17401 31
17402 12
17406 26
17411 5
17415 23
17424 9
17428 30
17437 10
17438 19
17439 11
17441 32
17448 26
17454 0
17460 33
17468 32
17475 1
17476 11
17479 34
17488 19
17492 22
17495 26
17496 21
17497 1
17503 24
17504 1
17511 26
17518 29
17522 24
17528 14
17532 25
17537 28
17542 27
17547 4
17550 2
17558 20
17565 15
17571 30
17572 14
17573 4
17574 32
17581 23
17586 18
17587 26
17595 10
17597 23
17605 16
17614 11
17619 28
17626 11
17631 33
17637 24
17638 4
17645 5
17647 25
17656 32
17658 17
17667 13
17673 25
17674 34
17682 30
17686 34
17693 30
17697 22
17702 32
17704 19
17709 34
17715 26
17721 30
17730 16
17737 32
17743 10
17751 4
17760 21
17763 34
17768 9
17775 6
17776 22
17783 8
17788 24
17792 6
17794 16
17802 0
17803 25
17808 19
17816 14
17823 28
17827 29
17830 32
17837 0
17838 20
17839 14
17840 7
17841 15
17848 31
17857 1
17858 13
17866 7
17871 22
17872 8
17873 4
17878 0
17886 5
17893 9
17898 10
17899 6
17902 22
17905 24
17912 29
17916 24
17922 19
17930 4
17933 1
17939 2
17941 34
17942 13
17947 8
17949 26
17953 29
17959 30
17967 10
17973 8
17982 17
17986 5
17993 1
18002 17
18008 19
18010 22
18017 24
18018 1
18027 34
18031 27
18038 12
18045 23
18050 17
18058 22
18067 34
18074 5
18080 22
18081 14
18082 17
18091 6
18092 0
18093 7
18098 35
18106 34
18113 19
18118 9
18121 8
18122 14
18124 13
18125 17
18129 33
18135 12
18137 6
18140 9
18142 22
18144 16
18151 13
18158 9
18163 29
18169 31
18171 33
18177 9
18181 31
18187 35
18194 30
18199 5
18200 29
18204 14
18205 5
18211 22
18217 29
18219 14
18220 18
18222 15
18225 14
18231 32
18240 15
18248 27
18250 19
18258 14
18261 16
18268 19
18273 18
18274 21
18278 32
18281 26
18288 1
18289 4
18292 23
18296 20
18298 15
18302 27
18304 10
18312 7
18315 8
18320 9
18327 27
18336 31
18338 30
18340 7
18345 4
18347 29
18349 26
18353 28
18355 29
18356 20
18360 3
18365 15
18367 1
18372 34
18374 15
18375 3
18378 15
18379 13
18384 29
18388 32
18393 27
18398 4
18402 32
18411 28
18417 19
18419 29
18420 27
18421 7
18424 3
18428 30
18430 22
18431 14
18434 28
18440 9
18442 21
18450 3
18451 1
18456 5
18465 16
18473 19
18480 25
18486 21
18493 31
18502 14
18510 9
18516 2
18520 17
18527 28
18534 13
18540 32
18545 26
18549 25
18554 8
18561 10
18569 15
18570 28
18573 2
18574 11
18576 8
18579 0
18581 34
18585 3
18591 10
18594 15
18595 1
18596 27
18603 31
18610 13
18615 24
18622 30
18626 32
18633 9
18635 8
18637 21
18638 28
18644 32
18645 12
18647 6
18651 1
18660 12
18667 16
18670 0
18674 16
18682 11
18691 27
18694 0
18699 10
18701 7
18710 4
18711 16
18714 10
18723 17
18725 10
18727 21
18733 25
18738 9
18739 16
18744 4
18745 34
18753 8
18758 32
18762 4
18767 31
18768 28
18777 24
18778 10
18783 25
18787 33
18796 4
18802 25
18808 33
18816 7
18820 35
18823 16
18831 24
18838 8
18847 33
18855 31
18856 23
18864 29
18872 5
18875 20
18881 13
18885 29
18887 20
18896 4
18903 17
18904 8
18913 0
18922 1
18929 6
18935 1
18943 32
18948 26
18954 19
18962 7
18967 20
18973 14
18978 33
18987 21
18994 2
18995 1
18996 34
18997 2
19004 6
19013 26
19020 25
19023 13
19028 23
19032 6
19033 5
19038 30
19043 16
19044 13
19048 14
19052 21
19055 22
19061 18
19067 17
19073 23
19074 18
19076 24
19084 34
19086 13
19087 21
19091 25
19094 22
19096 32
19103 23
19106 5
19115 27
19118 22
19121 33
19123 22
19132 5
19133 12
19141 1
19143 7
19146 15
19153 33
19154 9
19158 15
19159 11
19164 17
19165 21
19167 7
19173 18
19177 22
19178 18
19185 10
19192 23
19194 4
19202 26
19206 23
19211 25
19219 7
19220 2
19224 8
19229 1
19232 9
19234 35
19237 18
19246 22
19251 17
19254 33
19256 2
19258 16
19266 35
19271 23
19277 17
19285 31
19289 15
19290 17
19294 27
19297 34
19304 14
19309 16
19316 19
19323 31
19330 9
19337 29
19339 13
19343 0
19351 12
19359 15
19366 35
19371 9
19375 5
19384 4
19391 32
19392 18
19396 0
19398 32
19406 20
19412 24
19420 1
19421 32
19429 18
19436 11
19438 27
19447 20
19449 4
19454 7
19455 15
19457 23
19462 30
19468 24
19469 20
19474 26
19475 9
19480 15
19484 5
19493 10
19496 9
19499 30
19501 20
19505 18
19512 33
19517 3
19521 8
19530 33
19537 18
19545 1
19552 17
19554 7
19563 16
19564 9
19573 15
19575 13
19577 22
19586 27
19587 26
19593 27
19600 9
19607 18
19616 32
19618 16
19625 12
19626 8
19631 16
19632 4
19637 17
19644 15
19646 12
19647 21
19654 13
19662 3
19665 25
19670 11
19675 33
19682 13
19684 0
19689 34
19692 29
19694 5
19695 4
19700 17
19704 33
19709 5
19712 18
19721 20
19729 22
19730 7
19731 4
19740 21
19743 34
19744 14
19747 1
19751 17
19753 23
19758 16
19759 4
19760 27
19761 6
19762 24
19769 19
19775 35
19781 3
19787 20
19791 24
19798 34
19805 16
19810 6
19811 22
19813 13
19818 17
19825 24
19827 17
19834 4
19838 3
19845 17
19846 18
19852 6
19860 25
19862 24
19863 32
19871 8
19872 17
19876 18
19877 1
19882 33
19888 35
19891 17
19894 0
19895 8
19899 15
19905 20
19906 33
19909 31
19910 4
19911 0
19913 10
19917 29
19924 23
19932 16
19937 21
19940 35
19944 16
19950 24
19955 6
19958 7
19960 11
19965 7
19969 28
19970 24
19977 17
19986 10
19988 28
19997 7
19998 18
20005 24
20009 32
20010 34
20019 23
20024 5
20031 17
20034 25
20043 10
20052 23
20055 22
20058 27
20061 11
20070 23
20078 27
20080 13
20085 20
20087 23
20091 35
20093 24
20094 6
20097 22
20105 13
20113 30
20115 23
20118 1
20124 0
20130 20
20137 1
20146 15
20151 10
20152 13
20159 12
20163 0
20170 4
20178 6
20184 1
20191 15
20199 5
20204 26
20212 23
20218 9
20220 35
20222 14
20224 25
20225 22
20226 8
20229 12
20230 21
20233 31
20240 14
20248 22
20255 34
20259 35
20260 26
20268 28
20271 6
20274 18
20278 24
20279 26
20281 16
20290 26
20297 3
20299 6
20308 3
20313 31
20319 15
20326 8
20329 31
20331 5
20338 20
20347 8
20356 17
20362 23
20368 15
20377 6
20380 25
20389 18
20390 4
20396 13
20403 5
20404 2
20409 3
20412 26
20420 21
20422 30
20429 9
20431 19
20439 1
20448 31
20449 14
20454 6
20462 22
20464 14
20470 2
20477 20
20478 0
20483 28
20487 0
20492 28
20500 17
20501 1
20510 7
20518 14
20521 16
20526 11
20535 26
20542 35
20546 14
20547 20
20556 24
20560 25
20567 10
20571 12
20577 11
20579 33
20581 7
20583 27
20588 34
20594 31
20601 19
20609 13
20618 2
20627 34
20632 2
20636 11
20644 30
20652 4
20653 21
20656 19
20660 28
20666 31
20670 13
20677 22
20683 16
20688 20
20695 23
20701 19
20707 13
20712 8
20718 16
20723 21
20725 6
20732 25
20739 20
20744 13
20753 15
20756 25
20762 9
20764 11
20771 0
20774 14
20776 2
20784 12
20789 16
20794 30
20798 16
20802 12
20803 26
20812 20
20818 1
20824 7
20831 13
20834 1
20840 17
20848 26
20856 9
20865 33
20866 11
20871 21
20880 15
20883 34
20887 15
20888 24
20897 17
20900 6
20901 26
20906 10
20909 4
20910 6
20919 14
20920 32
20924 17
20928 5
20931 32
20933 30
20941 27
20943 35
20952 25
20958 34
20959 1
20962 28
20968 26
20969 31
20977 14
20985 9
20989 27
20996 1
20998 34
21001 6
21002 10
21011 20
21020 10
21026 33
21030 27
21038 20
21045 23
21052 24
21056 7
21060 28
21067 10
21072 28
21076 20
21078 25
21085 19
21091 28
21098 27
21101 18
21107 32
21109 26
21116 31
21120 17
21126 7
21134 25
21141 23
21144 16
21148 0
21154 9
21161 0
21166 14
21173 29
21175 3
21181 23
21188 18
21192 12
21201 7
21205 0
21207 29
21213 9
21214 7
21221 8
21229 2
21230 3
21236 20
21244 4
21247 8
21248 3
21256 1
21261 14
21264 22
21269 33
21274 25
21275 15
21278 16
21283 23
21285 32
21289 13
21298 27
21301 24
21303 13
21310 25
21315 0
21322 18
21325 33
21328 1
21332 12
21337 8
21341 3
21346 0
21352 11
21354 23
21362 24
21367 22
21368 11
21377 17
21383 3
21384 17
21389 6
21397 19
21402 34
21411 22
21413 18
21419 33
21423 16
21425 29
21426 18
21432 27
21437 2
21443 4
21444 14
21445 11
21453 30
21457 29
21460 3
21467 15
21470 25
21474 4
21479 3
21484 32
21492 24
21495 15
21502 2
21506 18
21507 24
21516 15
21523 10
21527 23
21532 21
21535 3
21540 30
21547 7
21556 16
21558 20
21560 7
21561 14
21566 24
21567 25
21568 26
21576 30
21581 11
21589 17
21594 12
21596 34
21600 12
21605 13
21606 30
21608 22
21609 32
21618 13
21619 0
21626 20
21632 0
21634 21
21642 34
21651 25
21654 19
21658 28
21659 22
21663 11
21667 30
21675 22
21681 32
21690 9
21696 30
21702 26
21703 11
21708 4
21710 10
21714 28
21716 3
21721 13
21722 26
21728 1
21732 18
21741 4
21743 31
21744 4
21752 35
21759 23
21760 6
21762 8
21765 20
21772 7
21781 32
21788 10
21792 11
21799 21
21806 10
21810 32
21814 15
21820 20
21821 22
21825 35
21827 24
21828 19
21836 20
21842 28
21847 22
21849 26
21850 23
21854 27
21857 28
21859 13
21861 27
21864 2
21866 19
21872 31
21876 34
21880 24
21884 16
21886 21
21887 2
21892 29
21898 34
21902 30
21907 2
21912 1
21920 33
21923 8
21929 28
21931 1
21933 34
21941 30
21949 15
21953 32
21960 0
21967 23
21976 18
21981 17
21983 7
21987 34
21989 15
21997 23
22002 21
22005 33
22010 28
22018 19
22023 29
22032 5
22033 31
22041 9
22050 27
22058 32
22060 18
22063 21
22069 34
22073 13
22076 22
22085 23
22093 31
22094 17
22100 5
22105 34
22109 7
22111 4
22120 20
22125 11
22126 10
22132 23
22133 32
22139 6
22148 24
22156 30
22160 1
22162 9
22163 35
22164 8
22168 15
22170 31
22174 7
22177 6
22181 22
22185 28
22187 16
22191 25
22192 30
22196 20
22199 21
22207 24
22214 32
22222 1
22226 12
22228 13
22236 18
22243 2
22246 20
22253 29
22255 10
22257 2
22260 0
22267 11
22272 12
22278 6
22280 14
22289 6
22291 0
22296 23
22298 0
22302 29
22309 21
22316 10
22317 23
22321 34
22324 22
22327 15
22330 26
22336 16
22337 35
22345 5
22346 6
22347 29
22355 17
22362 14
22364 23
22373 4
22382 6
22389 1
22395 26
22398 11
22399 31
22405 33
22413 16
22416 3
22419 9
22421 21
22424 15
22427 11
22435 7
22441 6
22449 25
22451 29
22459 2
22466 20
22473 10
22481 35
22482 21
22490 2
22492 6
22496 20
22499 2
22507 17
22509 27
22515 1
22524 20
22530 8
22533 21
22535 7
22536 4
22540 2
22546 24
22552 26
22554 33
22555 31
22557 10
22565 7
22572 8
22581 16
22583 32
22592 4
22595 21
22598 22
22604 19
22611 22
22618 17
22623 20
22624 34
22628 15
22635 30
22641 25
22645 34
22654 7
22662 35
22663 1
22666 28
22669 0
22673 35
22674 13
22679 34
22687 9
22691 2
22692 0
22696 1
22704 6
22710 32
22716 25
22725 22
22733 31
22738 4
22746 1
22754 13
22757 7
22764 0
22765 24
22767 26
22771 24
22772 19
22776 14
22778 16
22787 14
22793 32
22795 12
22796 13
22804 19
22807 13
22816 23
22817 33
22824 31
22825 18
22830 26
22831 30
22833 27
22834 20
22835 11
22839 21
22842 31
22845 16
22851 13
22856 6
22862 19
22869 34
22873 23
22880 25
22881 16
22884 13
22886 25
22890 9
22892 30
22899 33
22907 8
22914 24
22922 35
22925 6
22932 35
22939 16
22944 21
22945 29
22950 6
22952 10
22954 32
22958 22
22964 12
22968 21
22973 13
22981 9
22982 29
22984 25
22993 4
22999 0
23007 5
23012 17
23014 20
23022 24
23031 7
23040 29
23046 22
23050 2
23051 6
23056 20
23065 28
23073 9
23077 30
23080 6
23088 10
23090 18
23097 23
23106 12
23110 24
23112 27
23117 3
23121 9
23127 20
23130 30
23131 0
23139 6
23146 25
23149 10
23153 29
23157 15
23164 33
23172 17
23181 9
23186 19
23193 9
23198 10
23202 11
23210 34
23211 4
23220 1
23222 28
23228 26
23230 20
23234 26
23240 14
23246 21
23254 22
23262 32
23263 14
23269 17
23272 32
23281 20
23290 21
23292 25
23294 1
23301 24
23306 13
23309 9
23316 3
23324 22
23330 25
23334 34
23335 16
23336 9
23339 20
23340 15
23341 13
23347 16
23351 32
23357 3
23359 5
23361 1
23363 8
23369 0
23378 7
23387 2
23390 15
23391 26
23399 28
23407 11
23415 0
23421 22
23425 28
23431 35
23437 15
23446 20
23449 35
23457 24
23463 30
23468 32
23475 24
23478 9
23486 3
23487 25
23496 16
23501 35
23502 8
23506 33
23514 16
23519 11
23523 20
23531 0
23535 27
23541 9
23546 10
23547 16
23556 18
23562 31
23567 30
23571 20
23573 6
23577 16
23580 1
23583 11
23587 35
23592 2
23596 19
23597 11
23603 14
23612 1
23616 13
23625 2
23633 24
23641 14
23642 7
23647 29
23653 35
23661 1
23663 12
23672 15
23677 17
23681 27
23688 8
23689 26
23691 24
23692 27
23693 3
23696 4
23700 23
23702 3
23705 0
23707 2
23710 24
23712 3
23718 29
23723 18
23728 29
23733 13
23735 18
23737 3
23743 15
23747 30
23756 6
23757 0
23762 7
23771 10
23774 23
23777 28
23784 5
23789 12
23794 8
23795 11
23800 9
23806 3
23811 27
23818 1
23820 23
23829 17
23837 0
23838 2
23841 20
23848 28
23850 19
23859 34
23867 22
23868 2
23877 28
23879 22
23887 34
23890 25
23899 24
23901 35
23902 7
23911 10
23913 3
23916 23
23921 6
23924 0
23930 14
23939 22
23940 24
23949 33
23953 29
23962 34
23966 35
23971 31
23980 29
23989 4
23991 1
23995 0
24001 26
24004 25
24007 30
24013 2
24021 30
24027 28
24034 13
24039 28
24041 4
24048 35
24055 28
24061 32
24064 27
24067 16
24070 5
24078 6
24083 26
24091 24
24096 26
24099 14
24103 8
24110 4
24112 29
24114 20
24122 12
24124 28
24131 1
24132 9
24136 14
24137 25
24145 21
24151 18
24153 5
24161 30
24164 24
24173 14
24180 9
24181 32
24185 28
24192 31
24197 23
24198 29
24206 23
24207 3
24209 9
24218 34
24222 9
24225 4
24229 3
24237 32
24239 3
24246 31
24254 21
24260 34
24261 15
24270 12
24277 8
24280 4
24284 15
24287 33
24289 19
24291 16
24294 20
24302 12
24311 35
24312 29
24320 26
24324 29
24332 35
24341 32
24343 25
24344 27
24351 21
24352 32
24354 20
24358 25
24363 33
24365 16
24367 8
24370 16
24372 7
24377 4
24382 1
24390 27
24391 24
24396 27
24404 17
24411 35
24417 13
24420 17
24429 14
24436 15
24442 35
24450 5
24451 12
24456 9
24459 7
24461 17
24462 2
24467 28
24472 15
24477 5
24478 22
24486 21
24489 20
24493 5
24502 6
24503 30
24505 5
24514 24
24521 9
24522 0
24526 23
24527 22
24529 33
24531 25
24536 15
24545 7
24547 19
24549 26
24556 31
24565 0
24573 10
24574 32
24583 34
24584 4
24593 25
24600 3
24602 2
24607 27
24612 3
24618 30
24621 9
24622 6
24624 33
24627 32
24629 7
24630 9
24631 6
24634 10
24635 4
24636 17
24637 4
24645 31
24646 21
24652 23
24660 30
24667 7
24674 31
24679 24
24688 0
24696 5
24698 1
24700 24
24702 17
24709 14
24715 10
24719 34
24722 14
24729 23
24733 11
24741 12
24742 3
24743 0
24749 29
24758 26
24764 4
24771 16
24777 3
24786 16
24790 22
24796 0
24801 6
24804 14
24811 15
24819 4
24821 9
24823 13
24826 10
24827 9
24835 33
24838 31
24844 29
24848 28
24854 0
24856 13
24863 11
24872 33
24878 12
24885 5
24887 32
24890 18
24891 30
24900 17
24909 5
24915 29
24921 28
24930 7
24935 24
24936 32
24945 7
24954 34
24957 24
24962 21
24967 6
24974 15
24975 14
24977 34
24978 13
24986 5
24995 4
25001 24
25003 23
25009 12
25017 28
25019 6
25028 32
25035 19
25039 0
25041 32
25042 19
25044 14
25048 18
25055 20
25058 32
25062 19
25067 9
25075 10
25076 5
25083 17
25092 34
25095 31
25102 35
25104 29
25106 9
25115 30
25120 13
25122 3
25123 33
25127 1
25131 2
25137 26
25146 0
25152 7
25153 19
25159 4
25163 5
25172 11
25173 12
25174 15
25179 4
25181 7
25185 21
25187 22
25191 29
25197 0
25205 13
25211 30
25214 18
25218 1
25224 24
25228 32
25234 31
25237 24
25238 26
25246 22
25248 6
25249 30
25257 31
25265 10
25270 26
25276 4
25283 9
25284 19
25293 25
25296 22
25301 17
25307 21
25316 12
25322 24
25323 12
25326 21
25334 14
25338 25
25340 29
25342 1
25346 16
25354 28
25359 14
25365 11
25373 13
25381 12
25385 10
25388 8
25397 21
25402 34
25403 29
25406 25
25410 19
25418 27
25420 21
25427 34
25431 9
25439 33
25440 7
25449 23
25453 12
25461 15
25470 16
25473 35
25478 8
25481 13
25488 3
25496 22
25504 34
25513 16
25520 33
25523 12
25524 11
25526 12
25530 8
25539 21
25547 15
25551 13
25558 19
25566 13
25573 0
25575 16
25583 8
25586 10
25588 27
25590 19
25595 32
25600 30
25608 20
25611 29
25620 6
25628 18
25629 32
25632 20
25638 15
25646 6
25648 3
25653 21
25662 12
25665 18
25668 1
25671 0
25679 11
25684 4
25689 10
25691 15
25698 18
25700 8
25706 34
25708 35
25716 20
25717 30
25725 20
25728 12
25733 28
25735 17
25743 28
25744 18
25748 33
25756 2
25758 5
25759 12
25766 4
25771 29
25772 17
25775 10
25777 11
25785 25
25790 17
25794 35
25803 21
25811 27
25818 14
25826 13
25828 28
25831 22
25840 21
25849 28
25855 21
25860 31
25869 6
25872 10
25873 33
25877 23
25886 18
25888 29
25890 3
25891 5
25895 21
25904 33
25905 31
25909 8
25914 9
25921 8
25922 32
25923 11
25925 18
25927 16
25935 6
25938 13
25941 7
25946 18
25949 29
25958 2
25964 33
25966 21
25969 18
25971 25
25973 18
25980 9
25986 5
25991 9
25995 5
26001 13
26003 3
26009 27
26011 15
26013 28
26014 9
26022 34
26023 5
26027 23
26033 29
26035 1
26037 6
26039 2
26041 33
26043 29
26044 14
26045 34
26046 16
26049 15
26050 21
26056 3
26060 32
26062 4
26066 33
26075 32
26084 10
26086 12
26089 6
26095 7
26097 25
26100 23
26108 12
26115 11
26121 8
26125 11
26134 23
26142 30
26150 0
26153 30
26162 10
26169 9
26172 3
26177 27
26179 10
26188 19
26191 6
26199 27
26208 6
26212 8
26218 28
26219 14
26225 0
26227 24
26230 5
26235 24
26244 32
26248 30
26250 29
26257 32
26264 8
26270 0
26278 17
26280 21
26282 16
26291 11
26296 31
26300 11
26304 16
26305 22
26309 27
26312 31
26316 10
26323 14
26327 30
26331 33
26340 1
26341 20
26343 23
26348 11
26356 35
26365 13
26367 19
26374 18
26375 13
26377 22
26379 30
26387 1
26389 16
26397 12
26404 11
26412 14
26418 17
26424 28
26427 26
26434 27
26436 21
26440 17
26449 29
26450 24
26452 33
26456 5
26458 17
26467 21
26471 34
26475 35
26480 0
26486 15
26489 8
26490 16
26494 27
26500 29
26501 33
26505 6
26506 15
26511 12
26517 5
26519 11
26525 8
26532 24
26540 29
26543 11
26544 29
26548 13
26550 3
26551 10
26552 30
26554 28
26559 16
26568 1
26570 26
26571 22
26580 30
26588 22
26594 25
26602 30
26606 10
26611 15
26614 28
26616 19
26617 18
26618 22
26621 34
26629 0
26636 30
26644 14
26649 21
26652 18
26654 6
26661 13
26668 8
26675 21
26679 12
26685 20
26689 7
26694 27
26701 0
26707 24
26713 16
26721 22
26729 16
26730 10
26736 19
26737 33
26744 26
26749 9
26751 29
26756 19
26759 13
26761 17
26765 29
26769 13
26772 29
26778 23
26786 15
26787 3
26796 4
26803 29
26810 1
26818 4
26826 19
26831 11
26839 0
26846 35
26848 29
26852 23
26854 32
26858 35
26862 12
26865 26
26868 15
26876 20
26877 24
26879 7
26884 17
26885 5
26888 1
26889 7
26890 17
26898 26
26899 4
26904 22
26905 35
26909 33
26912 34
26919 0
26920 16
26923 12
26931 15
26932 0
26939 8
26940 1
26942 13
26946 3
26952 8
26959 11
26961 34
26963 32
26971 27
26979 24
26986 0
26987 5
26990 8
26997 15
27002 23
27003 24
27011 20
27012 0
27018 32
27020 16
27021 21
27024 20
27028 11
27030 13
27033 6
27034 26
27037 7
27041 30
27042 7
27046 14
27054 35
27057 24
27063 4
27065 10
27069 30
27076 31
27077 5
27085 8
27089 3
27092 10
27096 23
27103 12
27111 1
27118 10
27127 8
27129 2
27134 33
27136 2
27139 21
27144 8
27147 17
27150 19
27153 21
27157 1
27159 0
27165 6
27167 20
27168 5
27176 13
27177 8
27179 12
27180 25
27189 27
27198 11
27200 31
27206 33
27215 6
27224 10
27225 24
27229 18
27231 25
27236 4
27244 1
27246 3
27248 15
27251 17
27252 14
27254 3
27260 18
27263 21
27264 12
27268 11
27275 19
27284 10
27285 35
27291 13
27299 27
27304 34
27312 35
27315 10
27318 19
27324 25
27329 14
27330 1
27339 15
27342 18
27349 25
27351 11
27357 22
27359 33
27364 1
27366 18
27373 33
27376 23
27384 30
27393 13
27396 22
27398 1
27405 14
27409 19
27417 31
27424 18
27425 26
27426 9
27431 2
27440 3
27446 32
27455 24
27457 12
27459 13
27461 11
27467 14
27469 16
27476 30
27484 25
27492 7
27495 12
27498 17
27507 16
27511 3
27512 13
27520 22
27523 5
27530 16
27536 5
27543 6
27552 22
27553 31
27555 3
27559 19
27560 0
27568 20
27572 32
27581 0
27582 12
27591 17
27592 35
27594 23
27600 14
27603 32
27606 1
27607 13
27608 29
27617 14
27624 30
27633 12
27639 35
27641 27
27642 24
27649 8
27654 12
27657 23
27662 3
27665 0
27669 9
27672 21
27675 22
27684 20
27687 32
27696 8
27702 32
27707 17
27715 32
27717 2
27722 3
27724 8
27727 26
27735 0
27742 9
27745 19
27748 34
27756 0
27765 16
27768 29
27771 25
27776 12
27778 2
27779 6
27781 11
27788 15
27793 0
27801 13
27809 32
27810 6
27819 20
27825 12
27829 22
27831 16
27838 10
27842 18
27850 30
27857 34
27866 10
27869 26
27875 0
27881 21
27883 24
27887 20
27895 14
27896 20
27902 24
27903 3
27904 11
27912 16
27919 15
27921 24
27922 11
27928 6
27933 5
27942 11
27943 24
27951 18
27954 14
27955 29
27956 28
27960 33
27966 2
27968 21
27972 5
27980 29
27981 7
27985 14
27992 25
27994 4
28002 1
28005 14
28008 16
28013 9
28019 15
28026 21
28029 18
28035 27
28036 33
28042 12
28044 11
28051 4
28053 31
28054 11
28056 20
28063 25
28064 1
28067 22
28075 34
28078 23
28086 17
28094 27
28099 35
28103 11
28110 26
28113 30
28121 25
28127 0
28136 20
28143 24
28150 29
28153 24
28156 2
28161 11
28165 19
28166 18
28171 5
28178 14
28186 10
28187 27
28196 1
28205 12
28212 23
28217 25
28221 12
28227 35
28230 14
28232 34
28241 14
28242 16
28251 10
28253 14
28254 20
28259 34
28264 22
28270 21
28273 8
28274 3
28283 26
28286 24
28292 30
28299 0
28302 34
28306 15
28308 27
28315 16
28317 17
28320 33
28324 25
28325 35
28334 14
28342 4
28346 21
28354 12
28360 32
28361 25
28363 5
28364 27
28367 33
28372 31
28374 3
28376 7
28377 14
28383 33
28388 25
28396 0
28403 27
28404 10
28406 35
28411 1
28419 29
28425 7
28434 32
28443 13
28451 21
28452 4
28458 18
28460 33
28469 2
28476 19
28483 25
28487 20
28491 24
28499 29
28505 17
28513 19
28515 21
28522 9
28526 27
28531 13
28533 31
28537 2
28540 30
28549 12
28558 29
28566 25
28570 15
28572 0
28579 28
28584 25
28586 32
28588 4
28589 30
28597 28
28598 8
28604 26
28606 3
28611 10
28614 18
28616 8
28621 27
28625 23
28633 22
28637 25
28638 7
28639 18
28640 10
28642 2
28647 11
28654 22
28662 32
28671 11
28674 2
28679 23
28685 14
28686 13
28688 28
28696 35
28697 22
28698 16
28707 10
28711 19
28716 12
28724 8
28725 27
28726 19
28727 8
28728 30
28737 21
28739 31
28746 8
28754 29
28756 32
28765 33
28766 16
28774 15
28777 0
28779 10
28781 21
28784 5
28785 23
28787 3
28792 33
28801 29
28810 7
28816 27
28820 22
28826 16
28832 6
28834 7
28841 20
28844 5
28845 31
28847 14
28851 23
28855 6
28860 21
28861 15
28865 12
28867 30
28873 1
28875 17
28876 23
28881 15
28884 30
28888 11
28889 25
28890 17
28896 4
28901 32
28907 7
28908 27
28911 9
28912 0
28916 17
28918 7
28919 28
28925 0
28932 8
28934 34
28943 18
28946 2
28948 20
28954 6
28956 31
28957 16
28962 21
28968 24
28976 26
28983 14
28984 5
28989 13
28998 10
29001 26
29005 24
29011 17
29012 5
29016 17
29022 8
29027 1
29035 17
29041 8
29044 11
29053 9
29059 5
29062 12
29066 11
29071 32
29072 21
29079 24
29086 32
29087 10
29092 16
29101 24
29106 29
29107 12
29109 14
29116 22
29118 1
29120 18
29123 25
29130 12
29139 30
29143 19
29148 6
29150 18
29153 22
29154 31
29158 30
29161 13
29168 24
29171 21
29173 27
29178 23
29180 3
29182 11
29190 25
29192 26
29193 28
29195 14
29196 30
29203 27
29209 12
29217 5
29223 31
29232 14
29234 20
29240 2
29241 12
29243 25
29249 7
29252 34
29261 22
29267 10
29275 5
29282 24
29283 18
29289 26
29297 23
29298 8
29305 9
29308 5
29313 28
29321 10
29323 8
29332 32
29341 8
29350 31
29353 27
29357 19
29359 20
29368 9
29371 22
29374 24
29382 7
29391 10
29393 19
29394 29
29398 1
29401 0
29403 13
29411 25
29412 15
29414 35
29421 14
29423 11
29428 35
29436 30
29444 6
29445 15
29447 9
29450 34
29452 16
29455 11
29462 28
29463 18
29472 23
29479 13
29484 21
29491 32
29499 30
29503 32
29509 13
29516 32
29521 8
29522 1
29526 20
29535 28
29538 4
29546 7
29548 12
29549 0
29553 23
29559 12
29563 23
29564 3
29568 32
29572 12
29579 2
29584 35
29588 3
29596 22
29600 35
29603 26
29605 29
29613 12
29622 15
29631 24
29638 19
29640 34
29645 32
29652 4
29653 23
29654 30
29659 11
29667 7
29670 27
29677 33
29684 10
29689 3
29693 15
29702 14
29709 26
29718 4
29724 21
29728 25
29730 6
29738 3
29745 8
29750 28
29757 20
29761 4
29762 23
29763 28
29765 17
29769 15
29770 8
29771 27
29777 16
29786 23
29790 26
29798 20
29804 18
29806 20
29814 24
29816 19
29824 5
29829 7
29838 3
29840 17
29844 16
29850 20
29855 17
29857 3
29860 34
29865 6
29872 7
29880 13
29884 17
29888 16
29889 29
29898 3
29907 21
29909 33
29915 21
29918 8
29919 29
29925 22
29932 1
29935 7
29943 22
29944 10
29945 22
29951 29
29956 22
29964 20
29965 8
29969 33
29976 6
29984 3
29993 20
29999 4
30001 27
30002 28
30011 3
30014 13
30019 26
30020 9
30024 25
30032 17
30034 3
30040 29
30044 27
30045 16
30052 7
30056 11
30059 18
30060 10
30065 21
30068 35
30069 4
30073 24
30081 13
30082 5
30085 31
30094 17
30097 25
30103 31
30107 32
30115 4
30116 10
30119 26
30122 25
30124 2
30126 11
30127 16
30134 32
30136 5
30139 22
30148 14
30151 4
30158 9
30164 26
30165 28
30174 17
30175 25
30184 33
30186 12
30187 29
30189 6
30193 32
30202 1
30206 2
30214 27
30220 22
30229 20
30234 15
30241 9
30244 25
30246 14
30252 23
30258 34
30261 31
30265 5
30267 4
30270 2
30278 5
30287 23
30295 20
30300 16
30301 1
30302 15
30305 34
30311 28
30316 14
30320 22
30328 14
30334 15
30338 33
30342 21
30344 22
30350 7
30357 23
30365 24
30366 16
30367 14
30371 30
30379 12
30384 24
30393 7
30398 29
30403 10
30405 5
30406 29
30412 20
30415 16
30422 7
30427 32
30429 2
30436 20
30439 21
30442 27
30443 5
30450 13
30453 35
30462 25
30463 4
30472 1
30480 18
30484 11
30486 25
30489 32
30494 29
30503 23
30507 19
30508 0
30516 12
30517 23
30521 18
30524 17
30530 25
30535 27
30539 7
30541 29
30545 34
30547 14
30551 2
30554 7
30559 33
30561 29
30570 6
30571 3
30578 24
30583 31
30584 3
30589 30
30595 11
30600 7
30604 31
30611 10
30614 13
30617 29
30622 0
30629 32
30636 25
30643 31
30649 15
30655 29
30659 13
30665 8
30671 10
30674 8
30675 16
30677 35
30683 25
30685 3
30689 34
30691 30
30700 0
30708 35
30715 29
30720 8
30724 17
30731 33
30732 0
30737 16
30740 29
30745 31
30750 22
30757 33
30763 12
30771 30
30776 27
30783 23
30789 28
30792 17
30795 25
30804 17
30813 4
30817 19
30821 32
30824 6
30831 16
30837 15
30839 25
30840 21
30845 0
30846 12
30853 31
30858 12
30862 4
30866 2
30870 17
30871 0
30877 32
30880 25
30888 24
30889 5
30892 10
30899 34
30901 0
30903 5
30911 11
30918 8
30925 32
30927 12
30936 29
30943 5
30950 31
30958 26
30960 29
30963 7
30967 20
30969 30
30977 4
30984 6
30985 3
30987 0
30990 4
30992 8
30996 21
30999 15
31000 7
31002 2
31011 22
31019 13
31026 12
31035 6
31036 29
31038 0
31047 16
31049 17
31053 15
31059 28
31062 10
31065 17
31071 30
31076 31
31077 25
31084 28
31088 7
31093 32
31094 29
31103 4
31112 20
31113 8
31120 23
31127 20
31136 21
31143 29
31144 23
31153 33
31157 27
31161 24
31164 14
31171 7
31175 28
31177 23
31183 32
31191 35
31200 23
31205 27
31206 31
31207 13
31212 0
31217 11
31226 19
31233 27
31237 5
31240 11
31243 35
31249 23
31257 22
31261 29
31266 5
31269 13
31272 8
31273 20
31278 31
31283 7
31284 20
31291 35
31293 29
31296 17
31298 28
31306 10
31314 20
31323 26
31324 16
31329 27
31334 1
31335 0
31337 13
31342 32
31344 6
31347 26
31355 15
31361 32
31365 0
31371 14
31373 21
31382 9
31384 4
31390 32
31398 12
31407 1
31409 8
31412 33
31413 23
31415 3
31423 5
31427 33
31435 16
31438 31
31439 7
31445 29
31448 2
31457 6
31466 31
31470 34
31478 31
31479 10
31486 12
31495 33
31500 2
31507 26
31512 25
31517 2
31518 16
31519 1
31525 33
31533 5
31542 30
31544 35
31550 31
31558 21
31564 4
31572 20
31575 30
31579 1
31587 10
31594 19
31596 21
31597 29
31604 7
31608 25
31613 33
31622 24
31627 30
31632 8
31637 26
31638 6
31639 35
31645 8
31653 35
31662 16
31671 12
31672 6
31679 13
31685 19
31688 11
31690 14
31692 34
31693 20
31695 26
31697 14
31705 17
31708 20
31714 11
31718 25
31724 19
31731 25
31732 22
31740 6
31744 8
31747 34
31751 14
31760 24
31769 9
31772 23
31774 27
31782 16
31784 6
31793 7
31801 24
31804 19
31811 13
31817 11
31822 6
31824 4
31829 9
31836 19
31840 7
31847 5
31851 20
31852 14
31856 30
31857 23
31864 15
31869 19
31877 4
31879 8
31887 22
31895 0
31903 35
31908 5
31915 23
31924 34
31931 18
31935 1
31943 20
31948 26
31955 8
31960 7
31967 4
31976 14
31978 28
31979 29
31988 6
31991 2
32000 20
32006 34
32010 20
32013 2
32018 13
32023 6
32026 15
32032 23
32034 29
32041 7
32042 4
32044 11
32051 6
32055 9
32057 16
32064 0
32067 12
32072 32
32075 6
32077 2
32080 13
32084 28
32085 2
32093 33
32095 3
32097 12
32100 3
32104 31
32106 28
32108 6
32115 27
32119 14
32124 34
32129 33
32138 10
32142 26
32144 29
32145 24
32147 26
32149 23
32152 6
32159 35
32161 28
32165 6
32172 17
32179 25
32183 0
32186 12
32194 9
32198 19
32200 30
32202 25
32206 14
32207 24
32210 35
32215 27
32224 16
32232 17
32237 24
32246 14
32249 18
32252 22
32256 27
32259 30
32261 35
32262 6
32264 32
32270 25
32272 3
32280 0
32283 27
32287 3
32290 17
32294 31
32303 21
32305 5
32308 2
32309 19
32311 3
32312 1
32313 20
32314 7
32318 0
32319 1
32326 26
32328 7
32333 5
32334 7
32337 28
32340 17
32348 13
32356 32
32360 14
32362 24
32367 10
32374 6
32377 1
32383 17
32385 27
32387 0
32395 19
32396 18
32402 14
32408 4
32409 2
32414 1
32417 17
32426 0
32434 8
32440 18
32444 24
32453 20
32456 15
32464 7
32470 30
32472 2
32477 34
32480 11
32485 14
32491 25
32499 7
32504 31
32512 20
32517 14
32519 13
32525 26
32532 19
32541 14
32548 16
32553 27
32561 35
32568 20
32571 19
32573 9
32579 33
32580 30
32587 26
32590 8
32597 26
32602 18
32605 15
32608 34
32611 16
32618 33
32622 30
32624 14
32628 32
32634 28
32639 21
32648 18
32651 24
32660 23
32664 24
32665 1
32666 24
32670 23
32674 1
32677 17
32678 33
32680 10
32682 26
32689 7
32692 21
32700 0
32704 13
32707 7
32709 2
32715 1
32717 27
32718 35
32726 27
32731 15
32738 2
32747 34
32756 8
32757 10
32766 1
32770 13
32775 14
32778 5
32785 28
32788 4
32796 3
32797 7
32805 12
32806 26
32813 6
32821 32
32829 12
32830 11
32836 25
32842 3
32850 32
32858 9
32865 13
32866 34
32867 18
32868 35
32873 0
32874 18
32882 9
32884 29
32889 16
32898 20
32904 23
32906 29
32912 8
32918 23
32922 26
32925 31
32933 13
32936 19
32940 8
32944 17
32948 31
32950 4
32952 10
32960 0
32966 7
32973 17
32976 19
32977 33
32979 19
32986 5
32995 32
32999 17
33008 20
33009 2
33013 26
33022 29
33030 10
33031 33
33032 5
33038 14
33047 5
33054 19
33056 28
33063 30
33068 35
33075 18
33079 9
33083 3
33085 26
33086 30
33089 4
33094 11
33097 28
33098 21
33107 33
33116 3
33124 16
33127 22
33129 8
33130 9
33139 26
33146 8
33147 31
33151 34
33154 14
33155 1
33161 21
33169 34
33170 28
33178 7
33184 34
33185 12
33191 16
33196 33
33202 20
33207 17
33214 31
33217 13
33224 15
33230 9
33235 28
33244 7
33249 33
33252 15
33259 22
33260 28
33266 12
33267 13
33274 25
33276 17
33278 34
33287 3
33294 12
33298 24
33305 8
33313 14
33321 22
33327 30
33328 23
33334 10
33337 13
33342 21
33348 15
33350 2
33358 21
33366 25
33374 9
33375 18
33378 15
33381 16
33383 2
33384 6
33386 29
33393 20
33395 5
33396 31
33404 22
33405 34
33409 27
33418 16
33421 29
33427 23
33429 27
33436 8
33440 4
33442 23
33444 14
33452 4
33453 17
33456 11
33462 9
33463 10
33466 6
33473 5
33475 23
33484 0
33486 11
33493 13
33501 7
33503 19
33507 25
33510 22
33518 34
33519 22
33521 16
33529 26
33534 33
33541 1
33546 27
33554 2
33561 9
33562 30
33563 13
33564 25
33572 31
33573 17
33580 3
33584 0
33590 29
33593 22
33597 3
33600 17
33608 15
33613 16
33622 26
33624 8
33632 4
33635 9
33637 3
33638 9
33643 33
33645 5
33653 3
33662 13
33668 19
33672 3
33675 18
33684 3
33691 9
33693 23
33696 26
33704 24
33711 0
33718 2
33723 26
33726 28
33731 18
33738 1
33739 11
33743 12
33746 32
33754 17
33763 30
33767 25
33775 12
33779 22
33781 7
33784 10
33788 33
33795 35
33801 16
33805 18
33809 26
33816 0
33817 33
33826 24
33834 29
33835 20
33844 5
33853 17
33860 6
33866 8
33870 25
33877 14
33881 26
33882 34
33883 22
33886 35
33889 16
33894 14
33896 9
33904 21
33911 28
33917 27
33919 18
33928 34
33935 15
33941 19
33948 6
33950 34
33951 18
33956 21
33960 2
33965 26
33968 22
33974 16
33979 19
33981 13
33983 19
33991 8
33995 23
34001 6
34002 18
34004 17
34008 18
34012 5
34013 2
34021 22
34027 33
34029 5
34034 31
34037 34
34038 31
34041 17
34045 2
34050 26
34055 0
34056 2
34060 7
34061 22
34067 11
34074 28
34075 14
34079 5
34085 23
34091 21
34097 27
34101 5
34105 3
34106 6
34113 29
34114 1
34122 25
34123 2
34125 34
34128 3
34134 20
34138 8
34144 7
34152 16
34159 35
34160 20
34166 26
34170 28
34179 26
34184 28
34192 23
34198 22
34206 27
34215 30
34216 1
34221 26
34225 30
34228 26
34234 32
34238 25
34244 27
34252 10
34256 29
34257 22
34266 30
34268 20
34274 3
34278 21
34279 19
34280 34
34283 28
34290 11
34292 18
34295 16
34297 4
34299 20
34305 5
34310 32
34317 19
34323 3
34327 7
34332 3
34335 5
34337 14
34338 12
34345 0
34346 5
34349 24
34353 30
34362 23
34363 19
34365 10
34367 2
34372 35
34373 27
34377 13
34380 20
34387 18
34395 8
34401 1
34407 14
34408 4
34414 34
34417 4
34421 26
34424 25
34433 17
34435 35
34440 4
34444 1
34448 2
34456 0
34465 3
34471 6
34472 18
34476 12
34481 23
34486 24
34489 25
34491 7
34500 21
34502 7
34504 15
34510 11
34519 26
34520 34
34525 10
34531 30
34534 8
34537 28
34545 1
34553 16
34559 11
34560 35
34564 9
34573 26
34581 8
34590 5
34596 22
34600 23
34602 24
34607 0
34616 12
34624 14
34628 9
34629 15
34631 1
34639 0
34641 1
34649 11
34658 22
34659 7
34664 13
34672 7
34680 19
34684 4
34688 18
34692 14
34700 1
34705 2
34709 34
34712 35
34715 15
34718 27
34727 0
34736 5
34741 12
34748 7
34752 11
34759 25
34767 10
34768 11
34769 7
34778 9
34784 33
34787 3
34796 30
34800 33
34801 9
34809 8
34810 0
34817 21
34822 28
34827 33
34831 11
34838 30
34842 4
34848 3
34850 14
34856 17
34865 20
34873 28
34875 27
34879 28
34886 3
34894 14
34902 16
34904 17
34911 5
34913 9
34915 13
34924 12
34930 13
34933 14
34941 12
34950 31
34952 26
34953 1
34960 24
34967 21
34974 24
34980 5
34982 6
34991 17
34995 7
35001 31
35002 3
35006 20
35010 34
35013 30
35021 11
35026 17
35027 15
35028 34
35037 23
35042 28
35044 29
35050 11
35059 20
35060 3
35066 27
35071 6
35077 3
35082 15
35083 9
35091 25
35092 2
35100 25
35106 24
35110 15
35118 31
35120 16
35123 4
35130 10
35134 8
35136 5
35141 16
35144 20
35150 4
35156 35
35163 26
35171 18
35174 20
35179 0
35188 16
35196 12
35204 34
35211 1
35218 34
35220 11
35221 24
35224 30
35225 32
35228 31
35236 29
35244 26
35246 11
35248 33
35250 10
35253 8
35258 11
35259 17
35261 35
35264 25
35266 22
35269 28
35272 18
35277 32
35280 24
35289 10
35293 30
35301 5
35303 28
35307 22
35308 26
35310 17
35319 27
35326 33
35327 19
35328 29
35336 0
35338 16
35344 5
35352 13
35353 4
35361 0
35362 26
35363 17
35367 24
35373 14
35376 7
35378 5
35380 12
35385 19
35386 18
35390 14
35399 9
35404 29
35409 26
35418 18
35424 4
35425 33
35430 27
35435 25
35439 0
35445 12
35447 26
35452 21
35454 6
35460 30
35466 5
35473 35
35479 22
35484 17
35489 3
35490 24
35492 5
35494 4
35501 0
35506 27
35508 4
35510 1
35517 34
35520 33
35526 7
35531 30
35536 20
35541 8
35542 12
35544 33
35550 16
35551 29
35552 7
35555 35
35557 25
35563 26
35571 23
35578 12
35580 16
35581 13
35588 0
35590 29
35591 24
35592 13
35597 14
35598 29
35603 22
35610 33
35612 22
35619 9
35620 22
35625 19
35632 32
35633 19
35641 18
35644 5
35645 17
35647 21
35653 28
35661 12
35664 24
35666 27
35671 32
35679 15
35680 1
35687 21
35688 20
35692 12
35695 31
35699 19
35708 31
35713 2
35718 16
35727 33
35735 22
35736 23
35738 3
35742 24
35744 20
35750 2
35751 32
35756 22
35757 27
35759 20
35760 9
35763 30
35765 1
35767 9
35776 7
35784 30
35785 11
35787 30
35792 33
35797 23
35801 10
35807 26
35813 30
35815 8
35819 24
35827 31
35833 6
35834 26
35837 1
35845 8
35846 21
35853 18
35858 17
35863 3
35870 9
35877 29
35886 24
35887 25
35892 31
35896 19
35901 27
35907 12
35908 25
35910 13
35918 18
35927 32
35929 18
35933 29
35938 20
35940 15
35943 10
35947 18
35954 5
35957 13
35963 0
35964 13
35966 9
35971 23
35980 4
35985 30
35988 4
35990 9
35991 33
35998 20
36001 7
36009 17
36015 13
36017 31
36024 24
36028 28
36035 33
36036 3
36042 26
36051 31
36054 28
36056 18
36057 21
36063 2
36066 11
36069 23
36070 33
36072 20
36073 8
36075 31
36082 5
36088 26
36090 27
36096 0
36100 24
36108 31
36112 7
36115 22
36122 4
36128 8
36131 5
36139 22
36140 7
36142 16
36146 6
36147 25
36155 35
36164 23
36170 0
36171 13
36179 1
36187 4
36190 17
36198 19
36199 5
36208 13
36213 16
36215 28
36221 25
36223 33
36232 2
36239 33
36242 22
36247 0
36256 22
36264 2
36267 35
36271 21
36272 18
36281 5
36284 14
36292 5
36294 2
36296 31
36298 10
36303 14
36311 24
36313 17
36317 14
36321 34
36324 2
36328 19
36333 18
36339 25
36348 4
36353 3
36354 31
36355 11
36356 1
36358 20
36360 34
36369 8
36374 11
36380 6
36386 8
36387 5
36389 25
36395 33
36396 13
36401 5
36405 8
36407 26
36410 1
36412 17
36414 31
36421 10
36429 2
36438 6
36445 4
36453 0
36455 1
36457 34
36463 8
36464 3
36472 11
36477 4
36481 12
36483 0
36486 20
36490 26
36493 11
36495 13
36504 17
36505 2
36508 5
36510 15
36514 9
36515 26
36518 9
36523 27
36531 26
36533 7
36542 11
36547 20
36554 10
36555 11
36557 18
36559 29
36565 12
36566 30
36571 21
36573 33
36579 2
36582 0
36588 4
36596 15
36599 2
36602 28
36607 0
36612 34
36618 9
36621 19
36622 33
36630 13
36637 20
36646 3
36650 26
36651 31
36657 35
36662 10
36665 25
36671 7
36673 26
36680 10
36687 20
36692 5
36699 4
36701 27
36707 19
36712 24
36717 3
36720 28
36729 6
36734 34
36741 14
36745 24
36750 30
36753 15
36754 7
36763 26
36765 29
36773 24
36777 32
36780 3
36784 1
36790 21
36794 19
36798 23
36799 18
36802 6
36810 33
36818 18
36825 10
36834 33
36838 24
36845 26
36849 17
36851 16
36859 15
36868 32
36869 20
36872 24
36880 23
36884 2
36888 14
36896 1
36897 7
36906 5
36912 33
36919 18
36924 13
36933 30
36941 14
36948 28
36952 13
36953 9
36957 8
36958 4
36964 7
36970 4
36971 26
36973 12
36979 16
36984 10
36988 24
36993 10
36997 17
37003 11
37005 9
37011 17
37015 5
37021 23
37023 14
37031 34
37035 0
37041 29
37043 14
37045 1
37049 35
37051 8
37055 23
37061 2
37063 1
37065 21
37071 29
37079 18
37086 6
37094 23
37095 14
37100 30
37101 0
37103 18
37106 10
37109 23
37111 34
37113 2
37118 4
37120 8
37128 6
37130 26
37136 4
37145 20
37151 2
37160 14
37169 7
37172 6
37178 29
37182 7
37183 4
37184 15
37185 7
37187 20
37189 6
37195 23
37203 14
37210 30
37219 18
37227 35
37236 30
37237 12
37245 5
37249 25
37252 23
37260 20
37267 6
37270 11
37274 19
37275 16
37278 32
37280 16
37283 7
37286 13
37291 25
37295 31
37300 9
37301 4
37308 13
37309 20
37313 19
37321 1
37330 6
37334 14
37342 31
37346 2
37348 32
37349 34
37354 7
37358 16
37365 28
37371 3
37379 18
37382 3
37387 34
37393 32
37394 11
37396 12
37397 7
37405 8
37409 27
37412 17
37414 21
37423 29
37426 27
37430 18
37436 0
37445 27
37448 1
37449 34
37451 16
37453 23
37458 17
37462 30
37464 8
37468 23
37475 17
37478 9
37479 35
37486 33
37493 24
37500 3
37501 30
37502 4
37503 24
37506 29
37508 32
37510 6
37518 22
37521 13
37523 8
37531 27
37535 3
37541 9
37548 1
37554 31
37561 28
37567 1
37568 31
37574 21
37580 1
37584 7
37587 23
37592 27
37601 30
37606 25
37608 16
37613 26
37614 23
37617 3
37621 8
37622 6
37624 11
37632 26
37635 27
37636 28
37639 30
37643 14
37649 5
37657 19
37662 22
37669 9
37677 27
37679 0
37688 21
37690 35
37695 9
37701 23
37707 18
37715 16
37724 27
37733 12
37736 5
37739 16
37748 2
37753 27
37755 25
37760 3
37765 1
37770 35
37771 9
37777 31
37786 8
37793 13
37794 18
37797 19
37806 34
37809 20
37818 18
37819 25
37827 33
37829 34
37838 35
37847 19
37856 35
37862 7
37868 22
37869 35
37872 18
37873 32
37881 25
37889 15
37895 10
37900 28
37901 12
37906 5
37912 21
37917 22
37922 20
37924 29
37926 35
37935 10
37937 17
37940 9
37943 6
37950 30
37953 16
37954 2
37961 31
37962 16
37966 9
37974 25
37979 9
37983 35
37984 17
37986 21
37995 26
38003 13
38011 35
38012 26
38015 1
38016 22
38020 10
38024 35
38029 21
38032 11
38038 25
38046 24
38055 12
38064 19
38066 24
38069 25
38074 13
38082 12
38089 33
38093 14
38097 32
38099 1
38107 32
38112 33
38115 34
38120 3
38127 12
38128 10
38133 17
38142 35
38143 21
38145 2
38154 4
38163 17
38167 0
38170 12
38172 9
38178 22
38184 32
38190 17
38192 27
38197 19
38199 4
38203 11
38205 5
38211 12
38218 20
38221 13
38226 28
38232 24
38235 13
38240 3
38242 12
38247 19
38248 3
38252 12
38257 29
38262 28
38266 0
38274 11
38277 15
38283 26
38287 17
38293 22
38297 4
38306 8
38308 17
38315 30
38320 2
38329 3
38332 21
38340 2
38343 14
38344 26
38347 23
38350 6
38356 33
38362 13
38366 6
38370 19
38372 26
38379 28
38383 23
38386 22
38391 17
38392 14
38396 28
38397 18
38402 16
38411 30
38412 31
38416 18
38419 25
38428 0
38435 27
38442 12
38445 6
38454 1
38460 8
38461 29
38469 13
38474 0
38476 31
38477 6
38480 25
38485 3
38491 19
38495 11
38503 30
38509 2
38516 29
38522 30
38529 0
38537 23
38540 16
38543 19
38545 9
38551 19
38556 16
38557 26
38558 24
38565 25
38574 19
38580 27
38582 20
38586 6
38591 11
38592 16
38601 20
38610 35
38619 17
38621 6
38622 31
38629 24
38634 31
38640 14
38645 25
38648 32
38651 0
38654 23
38659 25
38666 3
38672 14
38678 12
38682 0
38686 25
38694 13
38697 33
38706 10
38711 12
38719 16
38728 28
38730 15
38737 27
38740 16
38748 18
38749 10
38753 29
38758 0
38766 5
38772 27
38776 5
38782 16
38785 12
38792 10
38798 9
38801 23
38807 9
38810 28
38816 31
38822 6
38828 30
38833 26
38839 29
38843 16
38845 22
38846 29
38850 22
38852 6
38860 22
38865 19
38867 31
38876 4
38880 29
38887 27
38895 29
38898 25
38901 7
38904 10
38910 31
38915 11
38918 14
38922 1
38928 24
38937 14
38939 18
38945 7
38949 31
38956 11
38962 18
38963 35
38971 7
38973 9
38981 4
38989 8
38990 11
38995 23
38998 13
39000 12
39007 24
39015 18
39023 12
39026 23
39031 2
39032 28
39037 5
39042 21
39044 33
39052 9
39059 17
39060 3
39068 16
39072 7
39079 9
39087 23
39093 26
39102 4
39105 22
39106 19
39109 28
39115 3
39118 2
39120 12
39127 8
39135 2
39140 14
39142 13
39147 5
39150 32
39154 10
39159 26
39166 2
39170 19
39171 33
39176 6
39177 34
39178 8
39185 15
39188 25
39192 33
39199 11
39205 33
39207 6
39214 12
39220 4
39229 16
39238 1
39242 7
39251 5
39254 3
39259 14
39267 1
39274 21
39278 25
39284 12
39287 10
39289 22
39295 12
39296 23
39303 7
39309 28
39315 32
39321 30
39323 32
39332 31
39334 30
39342 2
39345 16
39352 4
39359 29
39364 2
39365 7
39366 30
39370 16
39374 12
39379 8
39380 13
39381 31
39382 15
39389 7
39391 3
39392 6
39396 23
39405 21
39408 27
39409 19
39418 14
39424 28
39433 7
39435 9
39443 18
39446 8
39451 10
39455 3
39461 14
39462 26
39467 12
39468 8
39470 29
39476 2
39477 0
39480 35
39487 12
39488 3
39493 1
39498 10
39500 12
39507 13
39510 16
39516 22
39517 12
39526 15
39531 9
39532 10
39534 8
39538 12
39543 18
39544 35
39550 8
39555 25
39562 22
39571 28
39574 14
39575 8
39578 20
39587 31
39588 9
39591 21
39593 35
39602 17
39611 6
39613 20
39621 5
39622 32
39624 6
39630 26
39635 32
39644 21
39646 19
39650 8
39656 29
39658 5
39661 24
39662 13
39667 23
39670 29
39677 7
39683 33
39686 21
39687 9
39695 6
39696 31
39702 19
39705 11
39712 3
39713 9
39717 27
39720 34
39723 2
39726 31
39727 10
39732 4
39738 7
39740 10
39744 8
39747 23
39748 7
39752 19
39761 22
39767 3
39775 9
39783 10
39784 11
39786 22
39789 9
39796 24
39804 34
39807 1
39809 24
39813 17
39814 6
39819 14
39822 3
39831 14
39837 23
39841 21
39849 13
39857 4
39863 9
39870 2
39874 21
39880 12
39884 4
39887 28
39894 33
39896 35
39904 13
39908 34
39910 32
39916 34
39919 10
39927 27
39928 0
39931 15
39938 17
39947 13
39948 11
39956 13
39962 24
39963 23
39972 6
39978 29
39982 9
39989 30
39990 17
39997 21
40004 25
40006 34
40012 28
40015 17
40017 12
40025 18
40030 26
40038 13
40041 2
40044 8
40051 7
40058 2
40063 8
40067 16
40074 9
40075 6
40076 31
40085 21
40088 8
40097 7
40103 21
40112 22
40121 14
40127 35
40134 33
40141 0
40147 29
40149 2
40153 28
40161 34
40170 29
40175 6
40176 18
40179 35
40182 21
40189 10
40193 7
40200 20
40208 24
40213 8
40219 3
40224 31
40233 24
40241 28
40247 15
40256 33
40265 13
40274 2
40280 19
40281 18
40288 7
40293 34
40299 7
40300 16
40302 8
40303 7
40309 1
40318 16
40322 34
40325 16
40327 11
40331 3
40339 23
40344 24
40352 26
40360 10
40366 22
40370 32
40377 4
40378 35
40380 33
40382 13
40386 10
40393 34
40398 3
40402 26
40411 4
40413 23
40416 33
40418 3
40422 29
40431 23
40436 4
40443 21
40447 26
40452 28
40453 3
40461 4
40467 35
40472 16
40481 26
40488 20
40494 29
40503 23
40504 1
40505 34
40513 20
40514 23
40515 13
40522 16
40526 33
40530 13
40532 23
40538 10
40541 20
40549 3
40552 29
40558 19
40566 34
40570 31
40577 1
40580 7
40586 30
40595 6
40597 33
40603 26
40612 0
40617 27
40620 0
40622 8
40628 1
40636 9
40644 30
40650 28
40655 30
40664 20
40673 35
40679 10
40687 15
40695 16
40699 7
40703 19
40707 26
40712 9
40719 19
40723 24
40726 10
40729 0
40731 4
40739 2
40744 13
40753 1
40756 30
40760 18
40763 24
40772 32
40773 26
40778 18
40782 4
40783 18
40785 24
40789 14
40798 23
40802 30
40808 18
40811 3
40814 17
40818 11
40827 35
40833 23
40842 21
40850 25
40851 13
40852 10
40855 16
40862 27
40863 11
40864 4
40873 23
40882 25
40883 15
40890 22
40898 9
40907 31
40909 22
40913 8
40914 14
40923 13
40930 6
40936 7
40941 17
40950 27
40957 4
40965 28
40972 31
40976 33
40978 10
40982 7
40986 18
40993 4
40998 1
41000 35
41006 29
41007 14
41014 31
41023 21
41029 3
41033 17
41041 12
41050 29
41055 8
41058 31
41065 32
41074 22
41079 24
41081 22
41087 3
41090 30
41094 17
41100 13
41103 9
41107 26
41111 16
41115 9
41121 26
41126 21
41130 19
41135 6
41139 30
41148 29
41152 0
41154 13
41158 26
41166 7
41168 33
41175 1
41178 7
41187 17
41195 24
41198 8
41203 1
41206 8
41207 5
41214 11
41215 23
41216 19
41218 18
41221 2
41225 32
41227 24
41235 27
41239 18
41247 0
41253 19
41254 27
41256 13
41264 12
41265 2
41271 11
41277 27
41281 10
41287 4
41292 23
41295 10
41299 5
41306 0
41313 27
41318 32
41326 12
41327 10
41329 19
41332 12
41333 27
41342 9
41345 1
41347 4
41348 32
41355 20
41356 9
41362 0
41364 26
41371 1
41373 26
41382 23
41391 7
41400 17
41405 9
41411 15
41413 25
41419 26
41426 35
41434 33
41442 22
41446 2
41454 7
41455 34
41463 6
41465 23
41474 21
41476 31
41485 5
41492 15
41496 17
41497 9
41498 0
41504 24
41509 32
41510 26
41518 1
41526 5
41532 0
41534 12
41543 3
41544 27
41549 22
41557 30
41565 35
41574 3
41583 23
41590 2
41592 24
41593 35
41597 8
41605 25
41614 33
41621 7
41623 27
41627 21
41635 24
41638 17
41640 9
41642 7
41643 10
41645 8
41654 3
41656 7
41663 17
41664 12
41670 3
41675 0
41682 30
41684 21
41687 32
41690 3
41692 33
41695 18
41697 22
41703 19
41712 35
41716 1
41718 25
41726 27
41734 7
41738 0
41740 4
41749 11
41755 13
41756 4
41759 16
41767 35
41769 17
41775 31
41778 26
41781 17
41783 28
41787 10
41794 15
41802 14
41805 20
41812 25
41813 1
41819 3
41824 28
41833 1
41837 11
41841 19
41844 32
41846 15
41849 22
41852 9
41856 5
41859 32
41865 7
41869 15
41872 19
41873 20
41875 5
41877 7
41878 31
41882 26
41885 33
41890 27
41892 2
41895 29
41897 15
41899 17
41907 8
41908 3
41914 23
41918 8
41926 2
41933 3
41934 5
41936 15
41943 5
41946 26
41953 6
41961 20
41969 6
41970 24
41978 17
41986 34
41987 20
41991 15
41994 20
41995 19
42002 13
42009 8
42012 23
42015 30
42018 5
42022 0
42027 14
42028 22
42033 32
42037 4
42044 16
42046 14
42055 26
42062 19
42071 13
42073 12
42074 20
42080 30
42089 21
42090 3
42095 26
42096 4
42098 30
42105 7
42107 32
42114 7
42117 27
42126 8
42128 33
42133 23
42135 28
42136 1
42141 5
42146 31
42148 9
42153 13
42157 26
42163 12
42167 31
42173 14
42181 18
42186 11
42188 20
42192 17
42193 8
42200 33
42203 28
42207 22
42210 16
42218 24
42219 6
42226 33
42230 10
42237 8
42243 26
42249 12
42257 20
42262 14
42268 30
42269 22
42271 35
42272 32
42275 23
42282 3
42288 1
42290 18
42299 29
42306 28
42310 18
42317 30
42321 29
42328 4
42331 6
42338 9
42340 16
42344 12
42349 16
42355 11
42356 29
42358 3
42362 9
42370 12
42379 31
42383 27
42389 3
42394 17
42395 0
42401 1
42403 17
42411 13
42412 11
42416 20
42425 18
42432 1
42441 14
42442 33
42444 25
42450 35
42457 11
42460 0
42462 5
42467 6
42471 17
42475 25
42482 23
42483 12
42488 25
42489 22
42495 10
42500 5
42503 19
42506 4
42508 14
42517 20
42525 34
42533 0
42537 6
42542 1
42548 10
42555 12
42559 6
42568 7
42571 20
42580 23
42581 4
42587 19
42588 33
42596 5
42600 28
42603 4
42612 34
42618 0
42624 30
42628 0
42637 25
42640 18
42646 2
42652 29
42653 13
42655 10
42657 18
42664 1
42669 8
42676 27
42677 28
42680 8
42683 16
42687 34
42690 24
42694 35
42697 20
42702 6
42708 1
42712 3
42714 28
42719 5
42726 8
42729 24
42738 22
42741 16
42749 33
42757 15
42765 2
42773 20
42778 31
42787 5
42791 4
42799 21
42804 34
42813 15
42817 2
42819 28
42822 34
42829 2
42832 8
42841 12
42842 31
42849 2
42858 25
42863 18
42868 21
42873 5
42879 19
42885 12
42889 23
42896 1
42902 2
42909 7
42914 10
42917 30
42918 28
42923 2
42925 25
42930 31
42932 8
42939 26
42942 8
42945 6
42947 5
42948 3
42951 9
42957 24
42963 20
42971 17
42976 0
42981 2
42984 14
42989 9
42995 32
42997 25
43002 0
43010 15
43012 6
43017 17
43019 34
43025 0
43030 16
43034 19
43043 5
43047 1
43054 23
43057 7
43059 24
43067 6
43076 22
43084 34
43090 27
43093 34
43102 35
43105 8
43114 7
43115 21
43121 29
43122 22
43131 24
43136 28
43138 3
43143 27
43152 29
43158 19
43163 24
43165 15
43166 13
43172 22
43180 31
43185 21
43191 27
43192 23
43195 31
43198 28
43207 17
43210 25
43213 8
43216 34
43224 3
43225 11
43226 16
43232 9
43233 12
43235 1
43236 33
43241 32
43247 30
43251 4
43257 1
43265 23
43269 12
43272 33
43276 28
43284 16
43292 3
43299 20
43303 13
43309 30
43314 26
43319 13
43328 10
43329 19
43332 33
43336 12
43341 3
43346 34
43347 27
43355 24
43360 0
43364 27
43368 35
43370 29
43377 0
43385 14
43388 30
43393 22
43396 3
43400 34
43403 4
43405 31
43414 0
43418 34
43422 10
43426 17
43429 28
43431 7
43438 22
43439 1
43441 28
43444 13
43446 28
43450 14
43458 20
43461 6
43464 13
43465 35
43467 25
43469 30
43470 25
43475 18
43483 15
43489 19
43494 27
43501 14
43502 6
43508 20
43517 7
43526 30
43533 15
43534 29
43535 7
43536 33
43540 35
43541 6
43546 23
43548 22
43553 4
43556 2
43558 22
43565 31
43570 1
43578 14
43585 9
43588 2
43594 10
43595 22
43602 8
43608 34
43616 13
43624 26
43630 21
43638 4
43643 5
43649 17
43651 18
43659 26
43661 5
43662 14
43663 30
43669 16
43672 24
43673 14
43677 21
43680 16
43682 4
43683 8
43689 12
43698 6
43701 10
43707 9
43710 6
43713 24
43714 4
43718 21
43725 25
43727 11
43731 28
43736 22
43743 30
43751 19
43752 30
43758 21
43759 13
43767 5
43770 10
43772 30
43781 13
43790 3
43798 21
43806 20
43811 8
43819 3
43823 25
43831 14
43836 21
43839 3
43840 19
43844 2
43850 32
43853 1
43859 12
43862 26
43865 9
43867 12
43875 33
43880 26
43885 10
43891 17
43897 12
43905 9
43911 0
43914 11
43918 18
43921 32
43922 8
43925 32
43930 25
43931 0
43935 5
43940 10
43941 7
43946 34
43952 9
43954 21
43958 2
43963 35
43966 4
43970 13
43974 14
43977 25
43982 30
43987 10
43991 29
43993 3
44002 32
44005 7
44014 5
44021 8
44024 15
44031 18
44037 32
44038 9
44040 25
44046 24
44049 10
44053 1
44058 2
44066 32
44067 30
44074 19
44082 18
44083 25
44089 24
44093 7
44094 9
44096 19
44098 2
44099 1
44103 18
44107 4
44112 13
44118 7
44125 11
44127 25
44134 16
44137 21
44138 19
44140 24
44143 15
44152 28
44153 29
44158 23
44161 3
44168 34
44171 28
44177 23
44182 1
44190 11
44198 13
44204 16
44208 9
44212 31
44221 34
44223 35
44231 3
44239 23
44245 10
44251 15
44252 6
44253 34
44261 30
44270 28
44271 31
44272 32
44274 24
44275 31
44279 3
44286 30
44292 33
44293 25
44301 29
44304 5
44308 29
44311 26
44313 21
44321 13
44324 3
44325 19
44334 8
44335 14
44342 8
44343 22
44345 34
44349 18
44354 14
44356 1
44360 31
44368 33
44373 34
44375 8
44383 23
44388 34
44396 5
44405 15
44408 2
44415 5
44417 3
44424 23
44426 5
44432 26
44436 10
44438 22
44439 35
44443 19
44444 15
44445 29
44448 3
44457 11
44461 12
44464 18
44470 15
44472 12
44475 21
44479 5
44481 35
44489 22
44491 18
44499 11
44502 18
44506 21
44508 33
44514 11
44516 7
44521 23
44525 5
44527 35
44530 25
44533 2
44534 22
44537 7
44541 1
44545 32
44553 5
44555 14
44561 32
44567 22
44572 1
44580 28
44586 18
44588 31
44596 11
44598 20
44605 13
44612 14
44619 35
44628 29
44632 35
44638 14
44639 0
44646 30
44655 18
44658 19
44660 11
44661 31
44666 3
44672 35
44675 10
44682 28
44683 19
44685 20
44694 9
44700 4
44702 20
44706 29
44714 30
44721 18
44722 17
44727 29
44729 12
44737 16
44745 34
44750 9
44754 25
44756 18
44765 15
44767 3
44770 19
44775 35
44777 21
44784 14
44787 12
44791 32
44798 5
44804 2
44808 22
44812 15
44817 3
44823 4
44830 0
44835 27
44838 33
44846 32
44849 18
44857 29
44863 7
44867 1
44874 13
44882 33
44891 16
44897 31
44899 20
44903 15
44905 21
44914 33
44917 17
44924 9
44929 19
44933 2
44938 10
44941 16
44942 19
44945 24
44947 31
44951 20
44954 4
44961 25
44970 26
44978 24
44983 14
44987 31
44996 1
44998 2
45003 23
45007 3
45015 2
45019 19
45021 13
45029 29
45030 33
45035 32
45039 23
45040 16
45042 27
45050 30
45055 32
45064 33
45068 23
45071 22
45075 18
45076 1
45084 18
45091 12
45093 25
45102 8
45108 18
45116 33
45125 7
45131 29
45133 24
45142 11
45147 17
45156 1
45159 20
45161 17
45164 28
45169 6
45178 32
45179 23
45184 1
45188 20
45190 8
45193 11
45197 3
45199 31
45205 27
45212 26
45220 10
45222 4
45229 25
45237 14
45245 1
45247 27
45248 18
45251 27
45256 35
45258 30
45259 26
45260 28
45267 16
45273 18
45274 8
45281 19
45282 21
45283 5
45292 4
45293 12
45301 30
45303 3
45306 9
45309 10
45313 6
45316 10
45324 34
45328 4
45331 27
45332 9
45334 15
45342 19
45347 30
45352 28
45353 19
45354 1
45361 8
45365 3
45370 27
45375 29
45376 32
45383 4
45391 12
45392 11
45395 21
45398 31
45401 34
45405 10
45410 9
45414 5
45417 19
45426 22
45428 28
45434 4
45439 34
45442 10
45445 27
45448 29
45450 30
45456 28
45463 6
45466 16
45471 21
45478 4
45483 16
45484 25
45490 33
45493 31
45502 35
45509 2
45512 4
45515 7
45519 8
45523 14
45532 12
45533 4
45536 24
45541 1
45543 15
45544 31
45552 11
45556 23
45557 34
45561 6
45570 11
45571 14
45574 23
45579 0
45587 5
45590 30
45594 22
45603 34
45605 20
45614 35
45615 16
45623 0
45627 25
45636 1
45644 34
45646 4
45648 29
45655 34
45662 25
45663 20
45668 30
45672 19
45673 4
45677 26
45683 6
45692 7
45696 32
45697 18
45704 5
45712 32
45716 24
45722 15
45726 14
45730 26
45739 4
45744 18
45750 26
45755 8
45758 26
45767 23
45773 4
45781 7
45787 28
45788 21
45794 24
45796 13
45803 28
45808 19
45814 28
45815 17
45822 31
45828 10
45833 23
45842 10
45849 28
45853 29
45854 21
45861 10
45867 4
45872 29
45881 16
45885 6
45887 20
45890 27
45893 10
45897 25
45905 4
45910 7
45918 15
45924 25
45925 33
45927 9
45933 20
45942 31
45943 27
45950 24
45951 9
45959 18
45966 10
45968 8
45973 27
45982 17
45990 21
45996 28
45999 17
46000 10
46007 18
46009 16
46017 19
46018 26
46019 16
46028 30
46031 9
46040 0
46043 32
46048 3
46054 22
46058 6
46066 27
46075 14
46082 9
46089 26
46096 2
46099 18
46103 5
46107 11
46111 27
46114 17
46121 33
46127 3
46130 26
46134 20
46139 10
46143 0
46150 31
46157 22
46165 11
46171 15
46178 30
46187 4
46190 25
46194 30
46198 0
46205 6
46212 20
46220 13
46221 17
46226 23
46230 27
46233 13
46238 2
46240 33
46246 26
46252 21
46257 29
46266 13
46269 29
46277 14
46282 1
46286 15
46291 14
46298 27
46306 16
46309 14
46310 30
46317 33
46323 24
46330 16
46332 17
46334 7
46342 24
46348 2
46353 27
46358 2
46361 35
46369 5
46377 12
46381 9
46385 14
46388 11
46389 5
46398 22
46400 15
46408 17
46410 21
46414 0
46419 5
46426 8
46427 5
46428 3
46430 2
46433 30
46435 0
46437 14
46440 21
46444 20
46449 17
46450 31
46458 3
46461 6
46467 31
46468 12
46477 21
46479 4
46486 12
46489 31
46496 10
46497 29
46501 21
46502 4
46503 28
46509 22
46518 21
46522 3
46531 25
46538 30
46546 4
46554 31
46560 5
46564 18
46567 14
46569 26
46574 4
46576 8
46578 14
46581 4
46590 3
46596 18
46597 25
46598 34
46602 5
46605 1
46612 21
46614 3
46618 27
46621 7
46624 18
46628 22
