#io generator
#numio=9999 maxtracks=48 lambda=7.000000
1 23
2 13
3 42
6 34
9 10
10 40
16 28
20 39
21 31
22 45
24 32
25 40
27 46
30 11
35 45
36 25
37 2
39 13
44 6
46 29
48 11
49 24
53 6
55 4
60 8
64 35
65 5
68 1
69 14
70 42
71 30
74 26
76 25
77 36
79 46
81 41
87 21
88 8
92 5
94 6
95 9
96 42
100 24
104 20
105 28
107 8
109 40
116 9
117 24
122 33
131 38
132 0
134 16
135 41
142 46
143 38
144 42
145 18
146 28
150 4
151 39
154 32
158 37
159 4
160 36
161 28
162 27
163 45
166 16
167 33
170 42
172 13
173 47
174 24
181 17
185 7
187 46
189 45
191 0
192 15
197 12
199 36
200 25
201 33
202 2
206 17
207 2
208 38
213 5
217 18
218 7
220 35
222 41
223 15
225 29
226 3
229 22
230 19
231 24
236 15
237 42
238 0
240 40
241 44
247 31
249 19
252 27
254 47
256 35
257 26
263 32
267 42
270 16
271 8
273 23
274 32
277 40
278 21
279 23
280 26
284 41
287 33
289 34
290 1
291 44
292 11
293 10
294 34
295 44
296 16
297 28
299 13
300 0
303 1
309 19
310 44
311 23
314 45
315 2
319 19
320 24
322 36
327 40
329 45
331 35
336 33
337 14
339 45
340 25
341 45
342 40
344 46
346 28
347 14
349 30
350 23
351 31
352 29
353 3
354 45
359 10
363 12
364 29
367 40
368 43
372 18
373 26
378 3
379 46
382 20
383 13
384 6
388 15
395 3
396 1
397 32
402 27
405 46
407 18
411 36
418 42
424 38
426 21
428 47
432 42
436 11
439 47
441 42
442 18
448 8
453 3
454 40
457 25
459 37
460 21
462 17
464 28
470 30
473 3
475 2
476 31
477 27
478 24
479 15
481 9
482 1
483 34
486 44
489 22
490 37
493 30
494 33
495 8
498 31
508 45
509 4
514 32
515 34
518 6
519 34
525 46
527 3
528 39
531 10
537 26
541 11
544 42
551 6
555 9
556 28
558 4
560 31
566 19
569 18
571 41
572 4
579 46
580 36
583 29
590 39
592 41
593 1
601 26
603 31
604 35
606 37
609 8
610 33
613 37
614 38
616 47
617 28
618 26
619 15
620 22
621 41
622 28
623 13
626 37
635 9
638 18
639 45
642 17
647 19
653 25
658 19
661 17
665 22
667 31
669 32
670 24
671 36
672 31
673 42
675 9
678 25
679 36
684 24
688 44
691 28
692 8
694 4
697 46
699 24
700 13
708 15
711 31
715 16
716 41
718 11
721 8
722 31
724 42
728 12
732 20
736 41
737 21
738 19
741 12
743 44
744 38
745 13
746 31
748 9
750 36
753 30
755 5
761 34
762 29
766 28
767 6
768 40
773 31
775 10
777 26
778 19
780 8
781 29
785 25
786 19
787 27
789 33
793 2
794 35
795 18
797 24
802 2
805 16
807 47
810 15
814 18
815 37
821 46
822 31
835 21
837 27
838 2
841 3
842 41
847 8
849 30
850 46
856 14
857 35
858 14
863 19
865 30
872 44
874 3
875 35
879 26
881 43
882 32
886 13
889 28
891 41
895 38
896 30
897 23
898 4
899 1
902 22
903 0
904 27
908 28
912 10
915 35
916 5
917 4
920 7
927 46
929 23
931 9
941 10
942 12
945 7
947 6
952 28
954 16
958 42
963 46
965 4
970 33
972 9
975 44
977 14
979 7
980 0
981 12
982 41
983 10
986 14
987 17
989 8
995 45
997 25
998 22
1000 5
1001 8
1002 30
1005 20
1006 45
1007 41
1010 37
1011 17
1013 1
1018 9
1020 2
1022 43
1023 13
1024 30
1025 18
1030 16
1031 38
1032 46
1033 25
1034 39
1035 16
1037 14
1039 23
1041 7
1042 26
1044 40
1049 38
1051 13
1052 27
1053 40
1054 42
1056 21
1057 38
1062 20
1065 1
1071 2
1072 28
1077 11
1078 36
1081 9
1082 11
1086 27
1087 46
1088 6
1090 43
1092 4
1094 7
1095 3
1097 23
1098 44
1099 3
1100 41
1105 2
1106 43
1108 27
1110 30
1114 13
1116 9
1122 42
1124 2
1126 10
1132 21
1134 3
1138 29
1139 17
1141 44
1143 47
1145 26
1147 11
1151 5
1152 29
1153 24
1154 7
1157 5
1159 26
1160 8
1161 46
1164 25
1165 40
1171 18
1174 27
1176 13
1178 37
1184 30
1186 9
1187 13
1189 20
1191 9
1194 17
1196 16
1197 26
1201 6
1204 0
1207 29
1210 12
1211 23
1212 5
1214 39
1223 3
1228 19
1231 7
1233 28
1234 2
1236 10
1239 14
1240 2
1241 41
1242 6
1248 12
1251 24
1254 22
1255 31
1256 9
1260 17
1262 46
1267 8
1269 11
1282 38
1283 44
1284 22
1285 12
1287 31
1289 37
1298 43
1299 41
1302 19
1303 13
1305 7
1308 6
1309 18
1310 10
1311 11
1316 8
1317 45
1318 27
1326 35
1330 10
1332 26
1333 32
1335 43
1338 46
1339 0
1342 1
1344 45
1349 6
1351 44
1352 16
1363 43
1364 23
1365 12
1366 31
1367 47
1368 13
1372 25
1373 33
1375 29
1377 28
1378 29
1381 22
1390 0
1391 27
1392 43
1394 9
1397 38
1398 33
1401 1
1404 26
1406 19
1407 21
1408 46
1409 2
1416 30
1417 26
1419 4
1420 1
1423 42
1427 40
1429 20
1430 5
1432 41
1434 6
1436 9
1438 4
1443 3
1447 12
1449 21
1450 45
1452 9
1455 28
1457 13
1458 12
1459 8
1460 34
1461 4
1464 38
1468 33
1469 6
1473 24
1474 1
1475 30
1479 38
1486 23
1491 4
1494 2
1498 29
1500 14
1501 13
1504 36
1505 37
1506 39
1507 41
1512 15
1514 13
1516 31
1518 0
1523 34
1525 36
1534 18
1537 36
1539 11
1540 46
1544 41
1546 20
1547 46
1548 1
1549 8
1550 42
1552 6
1554 24
1558 20
1560 0
1561 14
1567 21
1568 25
1571 31
1572 39
1573 20
1575 47
1578 16
1581 44
1584 23
1587 2
1590 24
1591 6
1592 4
1594 39
1599 15
1600 36
1601 32
1603 22
1604 25
1605 39
1609 1
1612 29
1614 46
1617 30
1620 45
1621 27
1622 36
1628 9
1634 33
1636 23
1641 14
1645 45
1648 34
1649 32
1651 8
1656 46
1657 43
1659 4
1660 42
1661 44
1662 31
1666 34
1671 2
1674 41
1679 1
1682 32
1683 16
1689 28
1690 15
1691 21
1699 33
1702 42
1705 16
1708 12
1710 47
1716 35
1719 39
1721 38
1724 25
1725 4
1730 38
1731 7
1732 40
1733 21
1734 16
1736 6
1738 34
1741 30
1743 26
1744 23
1747 35
1748 36
1749 23
1751 35
1752 41
1753 6
1758 24
1762 2
1763 42
1766 14
1767 12
1770 34
1771 6
1772 12
1773 14
1776 3
1777 23
1780 47
1781 19
1784 10
1785 3
1793 9
1794 3
1798 24
1800 10
1803 40
1805 2
1806 3
1809 23
1811 15
1813 45
1815 24
1816 15
1817 24
1818 9
1819 24
1821 39
1822 32
1823 4
1824 27
1827 38
1831 24
1833 27
1838 39
1839 12
1841 29
1842 22
1846 14
1849 22
1856 41
1857 31
1860 17
1861 6
1866 47
1868 26
1869 38
1873 33
1875 8
1876 12
1877 28
1880 2
1881 9
1882 39
1884 10
1885 30
1887 33
1890 17
1895 12
1901 8
1904 14
1908 1
1910 21
1911 15
1913 14
1915 18
1916 2
1918 37
1920 4
1921 3
1924 10
1933 1
1937 5
1942 16
1943 46
1944 2
1947 41
1949 7
1950 4
1952 28
1953 17
1956 24
1961 43
1962 37
1963 39
1966 34
1968 2
1970 34
1971 14
1973 13
1974 20
1976 28
1978 24
1980 26
1981 22
1982 18
1983 2
1986 42
1990 7
1992 46
1996 17
1998 18
2000 4
2006 33
2007 29
2014 11
2022 27
2023 9
2024 39
2025 9
2026 32
2034 8
2035 2
2036 33
2038 7
2040 0
2042 23
2043 10
2044 33
2045 42
2049 46
2050 41
2051 4
2052 7
2053 33
2060 14
2063 31
2068 29
2069 5
2071 39
2072 8
2073 46
2078 40
2080 7
2092 38
2094 7
2097 2
2098 34
2100 39
2102 31
2103 2
2104 37
2110 29
2117 0
2118 39
2123 26
2128 17
2131 3
2132 1
2137 23
2138 31
2142 38
2143 7
2146 16
2147 8
2149 19
2150 13
2153 43
2159 33
2163 24
2165 2
2168 10
2169 5
2174 42
2176 25
2177 45
2178 10
2181 38
2186 16
2189 10
2191 33
2193 16
2195 4
2199 28
2200 47
2201 16
2202 22
2206 47
2208 4
2211 21
2212 45
2215 36
2216 22
2217 14
2220 11
2221 10
2224 34
2226 43
2227 33
2228 32
2230 24
2231 5
2237 22
2238 36
2240 18
2245 38
2249 18
2250 45
2251 34
2255 18
2256 43
2257 6
2258 33
2259 9
2263 34
2271 38
2272 32
2279 27
2280 0
2287 18
2289 36
2290 16
2291 40
2292 26
2295 21
2303 8
2304 38
2305 1
2306 8
2308 14
2309 41
2311 30
2314 6
2317 8
2321 26
2323 11
2324 40
2325 36
2327 1
2329 40
2330 25
2331 42
2332 10
2334 41
2335 23
2339 29
2340 39
2342 36
2345 8
2346 20
2351 12
2352 32
2356 10
2359 12
2360 1
2361 16
2365 23
2368 18
2369 31
2370 45
2371 6
2373 14
2375 12
2376 8
2381 32
2387 14
2391 0
2393 11
2397 2
2398 23
2403 1
2404 18
2406 22
2407 20
2409 0
2410 31
2412 34
2415 35
2418 2
2422 37
2425 6
2427 1
2433 29
2435 42
2437 4
2440 11
2447 12
2449 20
2457 33
2459 18
2461 21
2463 11
2465 1
2471 38
2473 47
2481 31
2482 26
2484 39
2487 15
2489 10
2490 12
2495 37
2496 43
2499 30
2500 32
2501 43
2502 41
2504 19
2509 31
2510 26
2512 32
2513 25
2515 43
2516 22
2517 24
2522 10
2523 8
2524 26
2525 31
2532 30
2538 40
2547 12
2549 35
2554 13
2555 8
2557 4
2559 9
2565 35
2566 14
2568 10
2569 46
2570 24
2575 5
2576 28
2582 33
2583 10
2584 14
2586 27
2589 44
2593 31
2594 44
2595 10
2596 37
2597 47
2599 42
2600 33
2609 0
2615 33
2618 8
2622 35
2625 0
2626 22
2632 5
2634 4
2638 34
2639 29
2641 14
2642 34
2643 26
2644 20
2646 28
2647 3
2648 16
2651 38
2656 23
2658 7
2664 43
2667 27
2668 4
2670 34
2672 4
2673 16
2675 25
2678 1
2680 7
2688 46
2692 32
2693 5
2695 3
2696 30
2700 24
2703 12
2704 0
2714 16
2721 25
2722 20
2726 14
2727 26
2731 46
2734 23
2737 4
2739 18
2744 17
2745 43
2749 29
2753 7
2759 13
2760 12
2763 41
2764 3
2766 35
2768 15
2769 14
2770 37
2779 25
2780 17
2781 16
2783 3
2785 33
2788 31
2789 10
2793 13
2796 3
2798 21
2800 31
2802 13
2803 16
2804 42
2806 40
2807 5
2812 22
2813 7
2814 27
2817 43
2822 23
2823 10
2824 3
2825 36
2826 7
2829 6
2832 28
2835 5
2836 47
2837 28
2842 22
2843 21
2845 44
2847 16
2851 41
2855 25
2858 39
2859 7
2860 34
2862 28
2864 7
2865 33
2866 6
2868 42
2872 9
2874 11
2875 30
2876 7
2877 47
2879 38
2882 15
2885 25
2886 20
2887 16
2890 22
2891 35
2893 8
2901 35
2904 29
2906 14
2908 35
2909 40
2913 6
2915 32
2916 22
2921 42
2922 1
2923 36
2926 44
2927 27
2928 15
2934 30
2936 2
2944 28
2945 12
2947 4
2948 28
2955 41
2956 21
2957 23
2960 4
2965 6
2967 13
2971 29
2973 39
2976 25
2979 6
2980 19
2981 7
2982 41
2984 22
2986 17
2990 16
2993 13
2998 10
2999 23
3000 4
3008 40
3010 36
3018 6
3020 11
3026 19
3027 9
3028 35
3031 1
3032 29
3033 21
3034 5
3035 11
3036 40
3037 2
3038 8
3049 10
3050 40
3051 3
3052 13
3055 28
3057 37
3059 38
3060 47
3061 22
3063 6
3067 24
3068 19
3072 23
3076 9
3077 37
3080 38
3081 42
3083 14
3087 41
3090 45
3093 5
3094 3
3095 35
3097 44
3099 10
3102 41
3105 29
3107 27
3109 32
3110 18
3111 12
3113 38
3115 28
3117 1
3119 39
3120 22
3121 16
3123 37
3125 34
3129 15
3132 32
3133 20
3134 9
3136 12
3137 16
3139 47
3140 45
3141 42
3142 31
3143 17
3145 31
3146 26
3153 10
3154 30
3155 44
3158 36
3159 4
3163 8
3167 35
3168 1
3172 25
3174 8
3177 35
3178 19
3180 33
3181 6
3184 30
3185 21
3186 8
3189 38
3191 15
3195 20
3197 8
3198 5
3202 12
3204 1
3205 40
3207 33
3209 2
3214 13
3215 10
3217 31
3218 26
3219 41
3222 43
3229 40
3230 46
3233 33
3234 25
3235 8
3236 34
3240 36
3243 37
3245 32
3248 31
3254 11
3259 25
3267 29
3270 18
3271 21
3274 26
3278 24
3283 5
3287 40
3291 34
3292 42
3297 46
3298 6
3302 47
3303 40
3304 31
3305 40
3306 23
3307 29
3308 45
3309 11
3319 17
3327 22
3329 39
3336 18
3342 2
3343 26
3347 3
3348 31
3349 47
3350 25
3352 13
3356 14
3357 11
3361 21
3362 3
3363 13
3365 25
3367 15
3369 22
3370 32
3380 10
3386 42
3387 23
3390 18
3391 3
3393 36
3394 16
3398 35
3399 26
3403 14
3406 16
3408 22
3414 21
3415 45
3421 17
3423 26
3426 28
3427 34
3430 13
3431 44
3435 34
3436 31
3439 30
3441 3
3442 21
3443 43
3444 36
3450 5
3452 27
3456 1
3458 15
3459 2
3462 10
3463 41
3467 33
3473 23
3474 25
3476 22
3477 39
3478 6
3479 7
3481 30
3484 3
3489 17
3491 28
3492 13
3493 36
3496 7
3498 44
3499 17
3505 9
3506 24
3507 4
3508 26
3511 0
3516 8
3517 9
3521 46
3522 32
3523 31
3524 46
3525 35
3532 33
3533 45
3535 30
3537 20
3538 26
3539 35
3543 46
3546 34
3547 22
3550 27
3551 5
3554 0
3557 7
3558 36
3561 6
3563 42
3566 8
3567 19
3568 2
3569 37
3570 25
3573 16
3576 40
3580 45
3584 35
3585 2
3586 12
3591 18
3592 21
3594 2
3595 43
3596 13
3601 37
3602 34
3604 27
3610 42
3611 46
3613 10
3615 6
3617 39
3619 20
3623 6
3624 19
3625 8
3629 6
3630 33
3631 7
3632 24
3635 29
3640 43
3641 15
3643 28
3647 43
3648 14
3652 22
3654 33
3656 0
3660 7
3661 20
3666 7
3668 41
3672 45
3675 41
3678 4
3680 27
3683 16
3689 25
3690 24
3691 41
3692 36
3693 16
3696 35
3697 46
3700 42
3702 44
3704 2
3707 16
3708 32
3709 26
3716 20
3718 47
3719 35
3723 26
3726 35
3727 44
3732 5
3735 47
3739 43
3741 10
3745 24
3746 44
3750 1
3751 41
3752 23
3753 21
3756 8
3758 34
3759 6
3764 21
3767 20
3769 9
3775 26
3776 0
3778 10
3779 8
3782 45
3793 5
3796 34
3799 4
3801 5
3805 9
3806 19
3807 28
3813 42
3819 4
3820 47
3823 31
3824 46
3825 20
3826 25
3829 8
3831 6
3833 43
3835 5
3836 14
3837 0
3841 22
3845 46
3846 0
3847 20
3850 2
3855 37
3856 17
3859 0
3863 30
3864 37
3866 18
3869 37
3872 10
3875 34
3877 27
3879 25
3880 29
3887 4
3891 35
3892 24
3893 37
3904 38
3907 6
3908 16
3909 19
3910 34
3912 41
3916 32
3922 2
3923 33
3924 47
3926 19
3927 39
3929 35
3930 2
3934 33
3935 13
3937 30
3939 5
3942 35
3945 1
3946 39
3947 31
3948 2
3949 36
3953 33
3954 26
3957 44
3963 8
3966 3
3967 5
3971 10
3976 0
3977 17
3980 0
3981 16
3983 26
3985 7
3986 41
3989 8
3994 30
3995 13
3999 32
4001 0
4002 47
4003 38
4006 40
4009 1
4011 42
4014 44
4015 38
4017 34
4019 35
4021 13
4023 45
4025 31
4026 35
4028 40
4032 27
4034 44
4038 38
4040 31
4041 1
4042 4
4044 6
4046 23
4050 2
4051 25
4052 47
4053 35
4054 14
4056 18
4057 3
4059 2
4063 26
4069 2
4071 47
4074 24
4075 15
4078 44
4079 19
4080 28
4082 29
4086 39
4088 46
4090 25
4091 27
4095 29
4099 35
4102 10
4108 36
4109 39
4111 2
4113 29
4116 19
4118 11
4126 33
4128 10
4129 13
4132 20
4136 31
4139 47
4144 0
4145 36
4147 27
4154 18
4157 37
4158 24
4159 9
4160 41
4164 23
4166 25
4168 20
4169 11
4172 7
4173 1
4178 18
4179 21
4183 31
4185 47
4186 16
4190 28
4191 42
4195 41
4196 30
4202 41
4203 8
4205 30
4207 34
4208 7
4209 4
4211 12
4214 40
4215 4
4217 0
4221 9
4224 15
4226 38
4227 18
4228 10
4232 18
4234 7
4235 25
4238 29
4240 41
4244 43
4246 5
4251 4
4256 12
4258 2
4261 1
4262 7
4263 19
4264 25
4267 13
4268 38
4269 6
4270 11
4273 20
4277 17
4278 3
4282 5
4283 30
4287 39
4288 8
4290 46
4292 42
4296 33
4298 6
4299 24
4300 39
4301 47
4305 26
4308 47
4310 11
4311 18
4314 15
4315 29
4316 32
4317 18
4318 4
4319 36
4321 0
4322 25
4325 20
4328 11
4329 7
4333 36
4335 8
4338 23
4339 11
4341 35
4343 16
4345 5
4348 13
4349 7
4351 23
4352 30
4353 25
4354 11
4356 17
4357 27
4360 2
4363 41
4365 26
4367 4
4369 42
4370 9
4376 40
4377 7
4381 40
4382 26
4383 17
4386 44
4389 19
4391 40
4393 28
4395 13
4397 3
4398 31
4399 29
4401 47
4413 17
4414 15
4415 30
4419 40
4420 38
4422 40
4423 23
4426 24
4429 43
4430 17
4431 37
4440 8
4443 6
4449 40
4450 39
4452 22
4454 38
4460 43
4461 33
4463 37
4467 30
4470 22
4473 38
4481 41
4483 16
4489 32
4491 2
4497 32
4498 18
4499 20
4500 4
4501 47
4504 32
4507 14
4517 7
4520 47
4526 30
4527 0
4529 20
4531 3
4535 41
4538 5
4540 20
4542 27
4546 31
4547 39
4552 3
4556 45
4557 15
4558 8
4560 7
4561 0
4562 47
4565 31
4566 3
4568 45
4571 11
4573 6
4576 1
4578 30
4579 42
4581 6
4583 32
4595 29
4596 5
4599 15
4600 32
4602 39
4604 38
4605 13
4607 5
4608 32
4611 9
4613 22
4614 34
4615 45
4618 1
4622 6
4624 22
4627 18
4630 22
4631 13
4633 36
4635 5
4636 37
4638 6
4639 40
4642 3
4643 32
4644 17
4646 33
4651 10
4652 14
4653 25
4660 15
4662 36
4668 41
4671 33
4672 8
4673 26
4675 41
4677 25
4678 33
4680 5
4690 38
4691 16
4692 34
4694 20
4695 38
4700 0
4707 7
4708 33
4713 15
4714 22
4718 8
4720 17
4721 18
4722 10
4723 30
4726 12
4727 38
4729 46
4731 20
4735 1
4739 17
4744 3
4745 44
4746 3
4750 47
4752 13
4760 33
4762 17
4766 7
4768 19
4769 23
4771 15
4772 16
4774 18
4776 34
4778 14
4785 43
4789 42
4794 7
4798 30
4802 12
4803 2
4804 41
4806 4
4807 44
4808 39
4809 12
4810 16
4811 30
4812 16
4813 37
4816 1
4818 30
4820 40
4823 46
4825 25
4828 10
4830 16
4831 47
4834 10
4837 24
4838 1
4840 44
4843 1
4845 39
4847 17
4848 29
4849 42
4854 4
4858 11
4863 10
4866 44
4869 29
4871 39
4872 30
4873 14
4874 7
4876 2
4878 39
4879 32
4881 34
4883 1
4884 43
4891 39
4893 43
4896 34
4908 3
4909 29
4911 17
4918 14
4926 18
4927 21
4928 12
4929 15
4937 41
4940 31
4944 22
4945 41
4947 7
4954 36
4955 18
4961 41
4964 35
4968 14
4971 28
4976 27
4979 10
4986 12
4989 40
4990 2
4991 33
4996 25
4998 42
5001 1
5002 5
5004 19
5005 3
5006 22
5010 15
5014 28
5015 42
5016 12
5017 24
5023 28
5025 17
5027 7
5029 1
5031 35
5032 4
5035 19
5041 7
5042 24
5043 3
5044 22
5046 34
5048 29
5050 17
5051 24
5052 10
5053 7
5059 4
5064 31
5076 3
5082 26
5083 30
5091 6
5093 41
5096 25
5098 0
5099 37
5101 38
5104 36
5105 2
5108 15
5110 37
5111 31
5117 47
5119 10
5120 36
5126 21
5129 34
5132 6
5133 27
5134 26
5138 11
5142 22
5143 14
5144 23
5149 33
5151 18
5152 31
5155 23
5157 41
5158 32
5159 45
5169 23
5170 42
5172 35
5174 10
5175 36
5177 37
5179 44
5182 4
5183 44
5187 11
5190 8
5192 22
5193 30
5195 29
5196 41
5198 23
5203 45
5204 3
5206 20
5211 36
5214 20
5216 32
5218 22
5221 16
5226 21
5234 30
5240 26
5246 1
5247 15
5249 12
5255 30
5257 21
5259 19
5262 47
5264 37
5265 32
5266 23
5269 18
5271 20
5273 30
5278 47
5283 7
5288 38
5289 30
5290 42
5292 38
5299 4
5301 23
5302 43
5303 35
5305 12
5307 31
5310 47
5311 27
5313 41
5316 38
5317 33
5318 34
5319 33
5320 34
5321 45
5329 41
5331 34
5332 44
5335 36
5337 27
5340 43
5349 24
5350 34
5354 44
5355 16
5357 42
5359 41
5360 33
5366 42
5367 7
5369 45
5372 33
5373 19
5374 26
5375 0
5379 47
5380 10
5382 19
5383 16
5385 34
5388 17
5391 12
5392 45
5396 8
5399 25
5400 16
5407 17
5408 22
5410 0
5419 5
5421 39
5424 42
5427 30
5429 38
5430 15
5434 21
5435 7
5436 2
5437 16
5438 22
5439 15
5440 17
5442 40
5448 4
5449 24
5450 35
5451 40
5452 20
5455 13
5458 11
5459 5
5460 0
5461 29
5471 19
5473 12
5475 16
5477 11
5479 19
5481 28
5482 11
5485 21
5488 5
5490 17
5491 34
5494 8
5497 20
5502 32
5504 0
5512 42
5514 19
5515 16
5518 17
5521 10
5527 23
5529 40
5531 17
5533 44
5534 4
5537 23
5538 39
5540 23
5543 26
5544 10
5548 47
5549 17
5551 20
5552 25
5554 40
5557 9
5559 17
5560 41
5561 3
5562 9
5563 38
5564 32
5567 24
5569 12
5572 23
5581 9
5585 38
5586 8
5589 18
5590 43
5591 45
5597 28
5599 17
5601 26
5604 19
5606 17
5611 7
5612 44
5614 34
5617 43
5618 10
5619 22
5621 21
5624 29
5625 1
5627 45
5630 29
5632 37
5634 5
5636 4
5637 21
5640 11
5641 43
5645 7
5646 10
5651 21
5652 12
5653 0
5660 39
5663 28
5664 30
5665 16
5666 1
5669 12
5671 35
5672 42
5673 40
5675 36
5677 5
5680 28
5682 19
5686 17
5691 25
5693 26
5697 7
5698 32
5699 41
5702 4
5703 44
5704 22
5705 37
5706 7
5708 13
5709 3
5711 8
5712 27
5714 3
5717 32
5718 7
5719 43
5724 22
5725 30
5728 17
5730 46
5731 38
5732 28
5733 29
5739 21
5741 25
5742 27
5743 1
5747 45
5750 46
5751 30
5752 41
5755 1
5756 16
5758 33
5759 29
5761 16
5763 5
5767 41
5768 45
5769 42
5770 37
5775 14
5777 17
5782 3
5783 24
5788 12
5789 19
5790 10
5802 40
5804 8
5808 38
5811 17
5814 44
5815 27
5819 39
5821 19
5823 12
5827 39
5829 23
5833 41
5836 18
5839 8
5841 47
5847 23
5850 10
5853 36
5854 12
5855 36
5860 28
5865 47
5866 45
5867 15
5868 22
5870 13
5871 41
5873 39
5876 25
5878 14
5879 8
5881 14
5882 25
5883 35
5884 14
5885 13
5887 8
5888 34
5889 27
5890 13
5894 25
5896 5
5898 31
5902 4
5905 23
5908 42
5909 12
5910 41
5912 17
5917 38
5918 45
5919 22
5920 30
5922 39
5923 36
5925 0
5926 26
5927 42
5929 27
5930 28
5933 3
5939 33
5943 26
5945 45
5946 7
5947 47
5948 19
5960 2
5962 41
5963 20
5964 29
5968 38
5970 15
5971 24
5972 17
5977 42
5978 1
5980 25
5981 2
5982 30
5983 34
5984 0
5986 4
5987 27
5991 11
5995 14
5997 32
6007 28
6008 41
6011 7
6015 22
6017 23
6018 11
6020 20
6021 18
6022 34
6024 10
6025 22
6030 11
6031 29
6035 17
6036 43
6038 26
6040 12
6045 36
6049 31
6050 29
6054 35
6058 7
6059 17
6061 40
6062 46
6067 15
6074 33
6075 28
6077 6
6078 3
6080 30
6084 29
6090 13
6091 31
6092 3
6093 18
6096 39
6098 21
6104 40
6107 17
6112 0
6114 31
6116 27
6118 11
6121 44
6122 20
6123 42
6124 17
6126 10
6129 31
6131 0
6133 32
6135 14
6140 47
6141 1
6142 7
6143 16
6145 45
6149 31
6150 13
6152 4
6159 37
6161 47
6163 19
6165 21
6167 45
6172 27
6173 46
6174 4
6177 29
6178 26
6179 17
6181 26
6183 35
6184 24
6185 25
6189 9
6191 28
6192 3
6194 8
6198 29
6199 21
6207 39
6208 30
6212 34
6215 19
6217 29
6219 15
6221 40
6225 38
6226 3
6229 38
6237 40
6238 21
6240 28
6241 16
6242 24
6243 43
6244 38
6245 12
6247 19
6248 43
6255 39
6259 2
6260 12
6262 3
6263 40
6267 31
6268 15
6269 4
6276 16
6278 18
6279 46
6282 15
6287 32
6289 35
6291 0
6292 36
6293 13
6295 22
6300 16
6302 12
6306 1
6308 0
6310 17
6315 4
6317 42
6323 4
6326 30
6327 17
6335 28
6338 36
6341 40
6342 36
6344 5
6345 23
6346 17
6347 11
6348 15
6349 32
6350 28
6351 20
6358 45
6359 10
6366 25
6367 35
6369 45
6372 17
6373 15
6375 31
6376 13
6380 28
6381 12
6391 40
6392 11
6395 18
6397 2
6398 4
6402 23
6411 38
6412 1
6417 14
6421 19
6422 43
6426 6
6429 5
6431 2
6433 35
6437 7
6441 45
6442 13
6443 28
6444 25
6447 45
6448 9
6449 13
6450 18
6451 3
6452 38
6455 12
6456 21
6457 38
6459 7
6461 8
6465 30
6466 16
6469 28
6473 6
6474 4
6476 28
6480 4
6483 36
6490 37
6494 21
6495 33
6496 4
6497 12
6498 43
6500 39
6502 14
6504 42
6505 19
6507 1
6510 40
6513 42
6516 21
6519 43
6520 47
6524 16
6526 9
6527 24
6532 41
6534 43
6540 34
6548 23
6552 21
6555 23
6556 46
6557 41
6558 35
6559 25
6562 23
6565 34
6567 2
6568 12
6569 35
6573 3
6576 19
6577 38
6578 42
6580 36
6582 8
6584 12
6586 26
6588 4
6589 22
6590 12
6592 37
6593 20
6594 11
6595 4
6598 46
6600 28
6609 19
6611 36
6613 22
6614 26
6616 42
6618 41
6619 0
6620 9
6621 29
6623 39
6625 15
6626 4
6630 19
6633 23
6636 35
6637 12
6638 2
6639 35
6640 7
6641 12
6644 37
6648 9
6649 38
6650 10
6659 18
6660 6
6661 24
6662 35
6664 29
6666 9
6668 15
6673 6
6674 18
6675 14
6677 8
6684 46
6690 36
6693 4
6695 24
6697 19
6703 24
6710 30
6711 13
6714 11
6715 7
6716 6
6718 33
6719 24
6720 28
6723 0
6724 21
6725 24
6730 37
6731 44
6732 4
6734 17
6736 4
6737 22
6740 27
6746 15
6748 22
6752 28
6753 8
6756 30
6758 14
6762 39
6767 17
6768 12
6772 47
6773 21
6778 47
6779 11
6781 41
6788 2
6789 5
6791 1
6795 17
6799 14
6802 13
6803 10
6805 15
6806 45
6808 13
6809 15
6816 21
6817 33
6818 24
6819 40
6820 41
6822 7
6823 26
6825 42
6829 46
6830 43
6832 33
6833 30
6836 16
6837 15
6843 22
6847 39
6849 46
6851 43
6852 25
6855 20
6856 39
6860 19
6863 3
6864 10
6869 35
6873 2
6874 12
6876 41
6878 1
6879 0
6880 26
6882 9
6888 7
6891 27
6895 44
6896 1
6906 15
6907 27
6909 19
6912 43
6915 13
6917 40
6918 3
6921 8
6926 13
6928 18
6932 13
6933 43
6935 35
6938 23
6939 0
6942 32
6945 45
6948 35
6949 26
6952 43
6953 4
6956 7
6957 18
6960 9
6961 43
6970 4
6974 2
6977 39
6980 25
6982 27
6983 21
6984 2
6985 26
6988 33
6990 4
6992 6
6993 25
6994 15
6997 1
7001 5
7004 35
7006 43
7008 14
7009 16
7011 46
7012 13
7013 11
7019 8
7021 14
7024 12
7025 42
7027 45
7028 12
7029 18
7034 7
7037 44
7039 15
7042 43
7048 11
7052 44
7058 39
7066 23
7070 22
7071 41
7078 38
7082 22
7087 9
7090 24
7091 23
7094 18
7096 10
7098 5
7104 9
7105 45
7106 17
7110 9
7112 4
7113 18
7118 47
7119 33
7120 45
7121 26
7123 14
7124 29
7125 36
7130 26
7132 11
7133 16
7136 24
7141 7
7142 43
7143 8
7144 27
7148 11
7149 20
7152 1
7153 46
7154 47
7157 31
7158 26
7159 34
7161 18
7164 24
7169 6
7173 1
7175 22
7187 32
7188 29
7190 4
7191 43
7192 38
7194 2
7197 46
7201 11
7203 35
7204 29
7207 24
7209 42
7211 19
7213 3
7216 12
7218 45
7221 30
7223 15
7224 1
7225 30
7229 25
7230 4
7233 8
7236 18
7239 33
7243 25
7244 26
7249 44
7252 21
7254 35
7261 32
7262 0
7266 38
7267 46
7268 37
7271 47
7272 23
7276 4
7277 1
7278 38
7280 26
7281 16
7284 5
7287 40
7288 30
7296 19
7297 14
7298 34
7299 15
7300 19
7305 37
7306 6
7308 23
7313 33
7317 37
7321 15
7322 42
7324 30
7329 44
7331 13
7332 4
7333 43
7334 35
7337 13
7343 20
7344 45
7348 0
7349 43
7352 23
7361 42
7363 1
7366 31
7369 5
7373 35
7374 44
7376 20
7377 45
7378 25
7379 14
7380 30
7381 26
7382 5
7383 16
7385 18
7386 44
7396 31
7398 44
7399 35
7402 13
7405 8
7407 42
7409 13
7412 19
7415 6
7416 5
7417 37
7418 0
7419 24
7422 47
7425 15
7432 0
7438 41
7440 12
7441 42
7443 5
7446 40
7448 27
7453 37
7459 11
7460 12
7461 14
7462 7
7463 0
7466 7
7470 34
7471 6
7474 13
7476 19
7477 9
7480 44
7481 41
7482 36
7485 17
7491 9
7494 16
7496 2
7498 24
7499 28
7502 13
7505 20
7506 17
7508 23
7511 22
7512 28
7515 33
7517 38
7521 47
7522 11
7524 46
7527 13
7528 28
7529 26
7531 19
7538 42
7539 24
7541 43
7543 21
7545 30
7546 12
7550 40
7551 8
7552 22
7561 42
7562 21
7563 10
7566 27
7570 43
7572 18
7574 20
7576 31
7579 32
7580 24
7584 5
7585 41
7586 21
7587 10
7589 14
7592 37
7594 23
7595 35
7604 24
7608 7
7610 10
7616 19
7619 31
7624 44
7625 2
7626 18
7629 24
7630 38
7638 40
7641 26
7642 1
7643 4
7647 33
7650 6
7652 11
7658 15
7662 40
7663 2
7666 41
7667 28
7676 42
7677 39
7679 5
7680 33
7682 24
7683 17
7685 1
7686 33
7688 27
7697 46
7698 12
7699 21
7700 16
7704 9
7705 15
7706 14
7716 3
7720 17
7721 30
7722 47
7724 36
7728 44
7730 41
7733 3
7735 39
7737 2
7739 43
7741 29
7744 25
7745 12
7752 24
7754 0
7755 31
7757 13
7764 38
7766 36
7769 16
7770 26
7771 28
7773 32
7777 10
7780 22
7781 45
7782 34
7783 8
7785 41
7788 24
7791 14
7793 26
7795 24
7796 8
7799 22
7801 32
7803 41
7804 39
7805 18
7807 5
7808 21
7809 14
7810 20
7815 28
7816 0
7818 15
7819 47
7824 6
7826 36
7828 5
7829 41
7831 14
7836 42
7840 17
7841 34
7844 12
7849 18
7850 14
7851 21
7858 3
7859 32
7862 6
7871 4
7874 17
7876 35
7878 44
7885 14
7886 1
7887 23
7888 4
7891 32
7895 23
7896 8
7897 45
7898 44
7900 13
7901 29
7902 27
7906 10
7907 15
7909 16
7913 18
7914 42
7919 6
7920 5
7921 11
7925 26
7929 8
7930 36
7932 19
7939 16
7941 10
7942 21
7943 14
7946 47
7951 15
7953 2
7954 31
7958 13
7959 37
7962 22
7968 47
7975 35
7977 18
7979 3
7984 23
7985 38
7986 0
7987 20
7988 41
7991 38
7993 5
7994 45
7997 24
8003 39
8005 9
8011 36
8015 12
8019 17
8022 3
8024 12
8025 43
8027 13
8029 26
8032 44
8033 37
8035 4
8037 28
8038 37
8039 46
8040 23
8041 46
8042 41
8043 43
8044 40
8047 8
8048 45
8052 9
8060 27
8061 4
8063 45
8064 13
8065 0
8072 5
8073 11
8075 25
8076 5
8083 16
8084 26
8088 47
8089 27
8092 20
8095 1
8096 46
8098 31
8100 8
8103 25
8104 3
8105 42
8107 24
8110 39
8112 43
8113 42
8116 15
8121 27
8123 37
8124 8
8126 11
8129 19
8130 47
8136 26
8137 20
8138 6
8143 19
8149 30
8150 15
8151 13
8152 40
8153 13
8156 20
8159 39
8161 12
8162 9
8164 17
8167 44
8168 2
8171 3
8172 5
8174 43
8177 17
8179 14
8183 34
8187 35
8188 8
8196 30
8197 8
8202 47
8207 12
8209 40
8210 28
8211 41
8214 46
8216 27
8220 23
8228 3
8229 30
8231 31
8235 28
8237 4
8242 33
8243 2
8246 17
8247 10
8250 8
8251 16
8254 43
8255 36
8261 1
8262 33
8265 9
8268 8
8269 18
8270 14
8271 40
8273 28
8276 29
8277 24
8279 18
8280 37
8282 4
8283 2
8286 21
8287 39
8288 30
8289 5
8292 19
8293 33
8296 42
8299 1
8300 14
8302 42
8305 26
8307 41
8309 7
8312 27
8313 20
8317 13
8319 32
8323 21
8325 4
8326 43
8333 47
8335 29
8338 30
8339 23
8340 3
8345 36
8348 2
8350 26
8352 27
8361 22
8363 13
8364 29
8367 33
8369 15
8371 30
8378 4
8380 20
8381 11
8382 23
8385 14
8386 40
8389 4
8392 13
8394 5
8396 24
8397 30
8401 35
8402 25
8404 23
8405 30
8406 20
8407 40
8408 47
8410 14
8411 27
8414 29
8419 8
8420 14
8422 3
8423 22
8425 10
8431 42
8439 26
8441 22
8442 12
8443 3
8444 25
8445 6
8446 25
8447 39
8448 0
8451 1
8453 0
8463 29
8468 16
8469 32
8472 46
8477 12
8478 37
8479 30
8482 33
8484 15
8485 29
8487 25
8488 38
8489 41
8491 38
8494 4
8495 42
8496 6
8500 44
8506 25
8508 10
8510 4
8511 12
8513 9
8516 5
8517 38
8521 13
8522 33
8530 8
8531 19
8533 23
8535 0
8536 20
8537 32
8538 11
8541 9
8544 11
8548 32
8551 27
8554 28
8555 11
8556 44
8568 16
8572 1
8573 5
8577 37
8578 36
8579 6
8580 34
8587 6
8595 0
8601 27
8602 10
8605 34
8608 36
8611 38
8617 45
8618 3
8619 44
8624 17
8625 24
8626 31
8627 30
8628 3
8631 22
8634 31
8636 22
8639 20
8645 16
8649 9
8650 40
8651 2
8653 23
8655 44
8657 15
8667 23
8670 37
8671 29
8672 18
8682 44
8684 12
8687 40
8690 31
8691 43
8692 2
8694 15
8696 2
8699 5
8702 25
8708 8
8711 47
8713 9
8720 33
8723 12
8724 33
8725 12
8728 36
8734 44
8736 9
8737 30
8739 21
8742 26
8743 27
8745 20
8746 32
8749 15
8752 46
8753 38
8754 11
8755 20
8763 19
8764 5
8766 47
8767 26
8768 46
8769 43
8772 7
8774 31
8778 36
8779 41
8785 44
8787 3
8789 38
8791 12
8792 47
8794 42
8798 33
8799 11
8801 8
8802 46
8803 44
8804 26
8807 8
8808 0
8813 20
8816 41
8817 13
8820 6
8822 39
8826 16
8827 31
8828 1
8829 28
8830 38
8832 16
8839 19
8844 40
8845 7
8846 19
8848 43
8851 3
8852 15
8856 46
8859 26
8860 40
8861 47
8866 45
8867 13
8871 19
8874 1
8876 45
8877 22
8878 4
8879 2
8880 47
8881 8
8882 10
8884 6
8885 47
8887 12
8889 24
8891 34
8893 27
8897 12
8898 20
8901 33
8902 26
8905 33
8908 13
8910 28
8911 33
8912 4
8913 40
8915 45
8917 7
8919 1
8920 43
8921 42
8923 11
8924 3
8927 33
8931 26
8936 45
8937 0
8939 17
8945 14
8946 7
8955 27
8956 43
8957 29
8960 19
8966 36
8968 31
8969 35
8970 25
8974 29
8979 12
8980 42
8981 45
8982 24
8984 22
8985 8
8990 43
8994 4
8995 26
8997 46
8998 9
9005 26
9012 0
9015 44
9016 33
9019 2
9023 42
9031 3
9034 15
9035 33
9036 40
9039 25
9040 15
9042 24
9046 40
9048 27
9050 42
9055 10
9056 36
9057 31
9058 22
9059 0
9066 40
9067 6
9069 44
9071 46
9073 7
9076 23
9080 32
9081 21
9082 31
9085 8
9090 14
9093 9
9097 15
9099 41
9100 35
9102 42
9106 17
9109 25
9110 33
9115 29
9118 12
9119 24
9124 14
9126 42
9127 26
9128 41
9131 16
9132 3
9133 20
9141 36
9142 32
9147 21
9149 34
9153 0
9154 27
9158 5
9164 28
9173 37
9178 17
9179 38
9180 32
9183 9
9184 5
9185 36
9189 16
9194 25
9200 2
9201 40
9203 38
9205 35
9206 33
9212 34
9214 36
9215 16
9216 1
9217 9
9220 16
9221 45
9229 12
9230 5
9234 1
9235 34
9236 20
9239 11
9240 37
9245 38
9248 18
9256 29
9258 24
9259 2
9260 26
9262 7
9263 46
9264 15
9272 27
9275 34
9277 14
9278 26
9280 39
9282 29
9283 36
9286 5
9289 33
9293 6
9294 16
9295 42
9297 1
9300 8
9301 43
9305 27
9308 2
9309 20
9312 19
9313 7
9314 2
9319 46
9320 39
9322 26
9323 28
9324 41
9325 4
9329 5
9330 16
9335 1
9339 4
9341 36
9342 34
9344 21
9345 0
9349 28
9352 37
9354 13
9358 38
9361 44
9365 6
9369 45
9376 10
9380 44
9381 31
9388 24
9395 0
9396 27
9399 10
9400 42
9405 13
9409 24
9410 8
9415 40
9419 24
9423 42
9424 14
9425 17
9426 36
9427 29
9431 44
9432 46
9433 43
9434 28
9437 2
9440 39
9441 1
9444 23
9447 32
9448 10
9450 38
9452 14
9456 39
9457 19
9462 23
9464 45
9468 15
9469 24
9471 35
9472 16
9473 29
9475 14
9476 46
9481 34
9484 26
9490 11
9492 10
9494 24
9498 2
9500 12
9502 7
9513 18
9514 19
9516 5
9517 20
9518 18
9519 9
9521 42
9522 33
9527 6
9535 20
9537 11
9539 33
9542 42
9544 10
9545 33
9549 4
9552 9
9554 34
9556 7
9558 11
9559 17
9560 43
9561 11
9562 10
9563 21
9564 2
9567 10
9573 13
9574 36
9575 4
9576 39
9578 30
9579 41
9582 37
9584 9
9585 15
9586 33
9588 41
9593 14
9605 6
9611 20
9614 34
9619 42
9621 30
9624 44
9626 34
9629 2
9630 0
9632 36
9633 16
9634 25
9637 18
9638 39
9644 9
9646 41
9647 22
9648 12
9649 25
9656 5
9657 16
9659 14
9662 0
9664 5
9665 10
9667 35
9668 10
9669 22
9670 14
9673 37
9676 5
9678 6
9681 1
9684 7
9687 39
9690 45
9692 38
9693 31
9694 43
9704 14
9706 38
9707 40
9708 6
9711 30
9718 40
9719 6
9721 12
9728 30
9729 2
9734 13
9737 47
9738 43
9739 6
9740 32
9745 4
9746 7
9750 10
9752 31
9753 43
9754 13
9757 7
9765 13
9766 20
9767 3
9768 4
9769 8
9770 36
9771 25
9778 26
9780 38
9782 26
9785 3
9788 42
9789 37
9790 17
9791 45
9792 8
9794 32
9802 14
9809 19
9812 45
9819 5
9820 37
9823 6
9826 30
9827 4
9829 10
9830 41
9832 34
9834 0
9837 14
9842 43
9846 36
9848 19
9852 39
9853 2
9854 33
9856 21
9859 32
9860 46
9861 9
9863 15
9870 20
9876 42
9878 43
9883 46
9884 22
9886 26
9892 16
9897 36
9902 21
9907 11
9908 43
9910 21
9913 0
9915 3
9918 1
9919 15
9920 31
9927 0
9928 15
9929 4
9931 0
9933 33
9934 44
9936 18
9941 41
9947 1
9948 14
9949 38
9951 8
9954 36
9957 5
9960 14
9963 37
9964 1
9966 37
9967 41
9969 39
9973 2
9977 39
9979 44
9980 6
9981 10
9990 36
9991 18
9992 33
9994 21
9997 3
9999 46
10004 35
10008 47
10009 25
10012 24
10017 30
10018 7
10023 46
10025 19
10026 40
10027 32
10029 47
10031 25
10032 0
10042 33
10047 38
10052 35
10055 24
10059 37
10060 2
10061 42
10062 15
10063 11
10064 31
10069 28
10070 31
10072 46
10074 41
10076 27
10077 37
10078 35
10081 6
10083 8
10084 45
10086 10
10090 17
10091 16
10093 9
10095 16
10097 45
10100 25
10105 6
10106 7
10107 39
10114 15
10117 32
10118 9
10120 44
10121 18
10123 42
10124 20
10125 27
10127 3
10128 47
10129 32
10137 24
10144 15
10145 39
10157 7
10159 4
10160 3
10162 37
10166 14
10167 9
10170 5
10171 25
10174 24
10176 29
10177 44
10178 14
10183 34
10184 39
10187 33
10188 23
10189 37
10191 31
10193 40
10197 31
10199 20
10200 30
10207 45
10209 13
10212 24
10213 26
10215 47
10217 8
10220 21
10223 20
10227 27
10230 11
10231 16
10233 2
10234 30
10243 35
10244 39
10245 2
10248 27
10252 47
10255 11
10258 4
10259 28
10261 25
10262 44
10264 37
10265 23
10266 42
10267 47
10268 20
10269 32
10271 21
10273 25
10275 23
10276 45
10277 5
10278 11
10280 34
10281 8
10283 11
10289 5
10291 7
10293 29
10294 10
10295 1
10297 8
10299 16
10300 19
10304 14
10308 24
10309 29
10312 32
10313 12
10314 7
10315 20
10316 43
10319 1
10320 2
10322 30
10324 5
10333 26
10334 38
10335 5
10336 9
10337 5
10338 40
10344 12
10345 9
10348 21
10351 27
10352 44
10354 21
10355 41
10356 47
10361 45
10364 21
10366 22
10367 4
10369 2
10370 13
10371 34
10374 9
10376 46
10380 4
10382 25
10384 23
10385 25
10388 0
10392 16
10394 45
10399 2
10402 22
10403 3
10406 34
10408 38
10410 23
10413 8
10415 7
10416 35
10418 25
10420 27
10422 30
10423 46
10424 8
10431 41
10433 15
10437 42
10438 38
10439 45
10440 22
10442 3
10443 16
10445 32
10452 22
10453 30
10454 29
10455 15
10460 13
10461 31
10465 28
10467 16
10469 40
10470 18
10471 46
10472 41
10477 8
10478 34
10479 26
10481 0
10484 43
10488 19
10489 11
10491 16
10493 28
10494 11
10496 29
10497 17
10499 30
10500 46
10502 42
10503 41
10505 25
10507 26
10508 4
10510 38
10511 35
10512 16
10515 30
10516 12
10520 37
10524 25
10528 11
10529 5
10532 45
10535 16
10539 23
10541 46
10543 38
10544 42
10547 14
10550 4
10554 26
10555 13
10557 15
10558 32
10559 15
10560 0
10561 39
10562 1
10565 18
10569 33
10571 0
10572 37
10575 7
10579 17
10581 9
10582 22
10584 0
10587 40
10588 38
10594 1
10595 12
10596 31
10600 25
10602 29
10603 11
10604 27
10605 22
10606 11
10608 19
10612 44
10614 37
10616 22
10618 36
10629 14
10631 3
10634 39
10637 3
10638 5
10640 42
10641 47
10642 45
10644 39
10646 23
10651 22
10657 32
10659 24
10662 35
10664 5
10665 26
10670 30
10672 16
10674 25
10675 38
10677 21
10682 8
10683 40
10685 23
10686 41
10687 9
10692 5
10693 22
10695 20
10696 37
10700 45
10701 39
10702 7
10703 44
10704 25
10709 46
10711 15
10713 21
10716 5
10717 1
10718 3
10724 42
10725 9
10726 45
10728 16
10733 30
10735 45
10737 13
10738 22
10739 23
10741 30
10743 36
10744 39
10745 34
10747 31
10751 1
10752 28
10753 6
10759 16
10761 12
10768 34
10772 12
10774 29
10775 41
10777 4
10778 19
10780 11
10782 47
10784 42
10789 1
10791 9
10792 24
10798 4
10799 13
10801 22
10804 8
10805 21
10806 7
10808 41
10809 46
10810 24
10812 21
10814 7
10816 33
10817 37
10823 0
10828 5
10832 9
10835 17
10836 34
10837 0
10840 47
10842 38
10843 10
10844 5
10846 6
10849 37
10852 38
10854 44
10859 37
10861 23
10862 8
10863 30
10865 23
10869 29
10871 0
10875 12
10876 35
10878 25
10881 5
10884 18
10885 1
10887 2
10889 23
10893 8
10896 12
10897 32
10901 11
10903 7
10908 37
10912 47
10913 19
10916 29
10918 30
10927 42
10928 11
10931 44
10933 32
10934 45
10935 8
10938 39
10941 46
10947 38
10949 40
10952 11
10954 40
10958 12
10961 38
10962 40
10964 2
10965 36
10968 35
10970 16
10971 27
10972 7
10979 41
10980 10
10981 17
10983 9
10988 10
10992 4
10993 25
10997 14
10998 27
11000 38
11003 10
11009 45
11010 38
11011 11
11012 26
11014 1
11016 29
11018 19
11020 15
11021 8
11022 5
11025 17
11030 38
11031 11
11034 15
11037 3
11038 20
11039 38
11041 26
11043 46
11044 24
11047 21
11049 47
11051 5
11052 23
11053 40
11054 15
11059 8
11061 26
11071 42
11072 31
11073 17
11080 0
11086 35
11088 4
11089 32
11090 44
11091 21
11101 5
11103 34
11105 42
11109 6
11112 43
11115 31
11119 44
11125 25
11127 15
11129 12
11131 16
11133 21
11137 5
11141 45
11144 2
11145 34
11146 23
11148 29
11149 8
11151 40
11152 0
11157 13
11164 39
11165 41
11170 31
11173 29
11176 20
11177 25
11179 10
11186 42
11187 35
11189 5
11191 31
11192 5
11196 18
11201 22
11204 5
11206 35
11207 24
11212 26
11220 7
11222 32
11224 26
11229 21
11234 20
11237 39
11238 36
11245 39
11246 46
11253 11
11255 17
11260 10
11261 15
11262 19
11264 43
11265 6
11266 30
11270 2
11282 0
11285 1
11287 20
11298 43
11300 18
11307 38
11310 42
11311 46
11312 33
11313 25
11315 27
11320 5
11321 39
11324 46
11328 45
11330 39
11340 40
11341 46
11345 47
11349 0
11350 25
11351 8
11352 14
11354 12
11356 22
11357 23
11359 19
11360 31
11361 16
11367 29
11369 12
11371 27
11374 26
11378 47
11379 28
11381 10
11383 33
11386 10
11388 47
11389 37
11390 39
11392 11
11393 0
11399 3
11406 6
11407 17
11416 24
11420 27
11422 28
11425 23
11426 34
11427 40
11428 29
11434 23
11436 46
11437 34
11438 40
11443 10
11444 5
11448 10
11450 34
11452 47
11453 29
11457 11
11458 4
11459 28
11465 10
11466 45
11469 37
11470 36
11476 10
11479 21
11482 27
11485 43
11486 20
11487 32
11488 25
11489 4
11491 24
11496 15
11497 4
11498 15
11500 2
11505 43
11509 40
11510 14
11515 44
11522 22
11523 5
11524 3
11530 34
11532 12
11534 2
11535 34
11536 30
11538 2
11539 43
11541 42
11544 27
11547 13
11554 42
11557 40
11562 4
11563 46
11564 33
11568 19
11569 24
11570 39
11571 46
11573 21
11574 31
11575 26
11576 20
11578 12
11579 17
11581 27
11584 15
11586 32
11588 13
11589 37
11591 40
11592 41
11595 22
11596 24
11598 26
11600 43
11601 17
11602 13
11604 38
11605 36
11608 19
11609 26
11610 28
11611 20
11612 41
11617 13
11618 1
11620 34
11624 21
11626 33
11632 24
11636 13
11639 43
11640 41
11645 37
11646 22
11648 23
11650 4
11651 6
11653 11
11654 42
11655 44
11656 43
11659 38
11664 8
11668 24
11670 26
11671 30
11672 25
11674 45
11675 5
11678 32
11679 28
11680 39
11681 11
11682 8
11683 33
11687 45
11689 13
11690 10
11693 44
11701 35
11703 8
11704 41
11705 0
11706 42
11709 40
11713 17
11715 47
11717 32
11721 4
11725 40
11726 45
11729 5
11731 47
11732 34
11733 22
11734 13
11735 20
11736 42
11737 19
11741 26
11742 40
11743 22
11748 31
11750 2
11751 8
11752 34
11756 20
11757 40
11759 6
11760 36
11762 13
11764 24
11766 4
11767 16
11768 10
11769 37
11772 28
11773 23
11775 39
11776 27
11777 43
11780 17
11784 25
11785 38
11788 2
11789 44
11790 40
11792 12
11793 40
11797 20
11798 22
11800 6
11801 23
11802 14
11804 41
11807 22
11811 14
11812 6
11814 5
11815 44
11817 11
11819 27
11820 47
11823 4
11825 46
11826 2
11827 44
11828 28
11829 21
11830 35
11832 6
11833 1
11839 38
11841 46
11842 36
11843 28
11845 2
11846 36
11849 39
11850 13
11854 7
11855 26
11857 41
11859 6
11863 31
11868 27
11869 16
11870 42
11872 34
11873 6
11874 16
11875 45
11876 19
11882 38
11885 4
11890 35
11892 41
11893 31
11894 28
11895 37
11904 17
11905 24
11906 2
11909 47
11910 19
11911 18
11912 17
11914 14
11920 18
11922 29
11927 16
11930 47
11931 32
11933 27
11934 31
11935 47
11937 26
11938 12
11943 31
11947 11
11948 13
11949 42
11952 17
11954 41
11962 16
11964 44
11966 30
11971 6
11975 41
11978 37
11979 2
11980 13
11981 5
11982 39
11983 3
11988 40
11993 8
11994 27
11999 12
12001 41
12002 29
12004 8
12005 40
12006 21
12010 25
12016 47
12022 37
12023 41
12024 24
12026 28
12027 42
12035 4
12037 45
12039 16
12041 40
12043 26
12044 8
12049 15
12051 42
12053 32
12054 11
12055 40
12057 12
12058 10
12059 5
12061 23
12064 30
12069 41
12070 5
12073 36
12076 32
12077 17
12078 35
12082 15
12083 7
12085 34
12090 20
12091 12
12093 28
12094 46
12095 17
12098 2
12099 30
12102 14
12106 38
12108 17
12109 28
12111 2
12113 22
12115 2
12118 34
12119 40
12121 24
12123 8
12124 15
12125 17
12130 8
12135 19
12137 24
12139 12
12140 23
12143 10
12144 35
12146 10
12147 12
12148 36
12149 45
12151 35
12160 37
12162 19
12163 9
12164 22
12166 37
12167 42
12168 32
12169 14
12172 30
12174 3
12175 18
12177 19
12178 39
12181 13
12182 35
12183 39
12184 13
12188 28
12196 25
12198 36
12199 16
12200 35
12201 13
12204 19
12205 3
12207 2
12210 4
12215 13
12216 20
12217 28
12218 42
12219 30
12220 10
12225 19
12226 31
12235 39
12236 18
12237 25
12238 16
12240 32
12246 3
12247 25
12249 42
12251 12
12253 7
12257 16
12264 12
12267 25
12272 37
12274 44
12275 43
12280 28
12284 0
12285 32
12290 38
12293 6
12295 39
12296 21
12298 34
12299 22
12301 32
12303 43
12304 40
12306 22
12309 42
12313 25
12317 47
12318 33
12321 44
12322 28
12323 10
12331 33
12337 31
12340 39
12349 33
12350 22
12351 21
12352 3
12353 41
12357 25
12361 36
12362 3
12363 21
12366 42
12371 39
12372 23
12377 30
12386 35
12387 28
12388 22
12389 43
12395 17
12397 24
12401 21
12406 3
12408 44
12411 7
12412 19
12413 32
12418 33
12419 7
12420 37
12422 47
12424 36
12426 45
12428 9
12432 34
12439 39
12440 6
12444 29
12449 26
12451 6
12453 45
12455 47
12461 26
12463 14
12469 17
12470 41
12471 33
12472 28
12473 10
12474 36
12477 26
12478 37
12481 32
12485 23
12487 9
12490 30
12492 41
12495 34
12496 33
12499 47
12500 18
12501 21
12504 39
12505 13
12506 19
12509 3
12510 36
12511 13
12519 2
12522 19
12524 6
12525 19
12530 28
12533 14
12536 22
12537 10
12539 20
12544 19
12545 2
12548 37
12552 38
12556 13
12559 29
12560 21
12563 31
12566 10
12570 13
12573 5
12574 22
12575 25
12578 1
12579 32
12582 30
12583 28
12584 39
12585 6
12589 7
12590 44
12596 10
12600 15
12604 31
12605 21
12606 28
12607 31
12609 0
12610 22
12612 17
12613 14
12614 24
12615 23
12616 39
12617 42
12618 38
12620 47
12621 12
12629 43
12639 4
12640 21
12641 17
12644 43
12646 5
12647 40
12649 18
12651 19
12653 21
12655 32
12660 29
12663 32
12668 14
12670 16
12672 24
12673 29
12674 8
12675 14
12676 33
12681 46
12689 42
12690 39
12691 38
12693 42
12694 5
12695 0
12699 30
12705 20
12708 35
12710 16
12711 2
12712 4
12714 43
12715 22
12719 6
12721 0
12723 37
12724 6
12725 20
12729 11
12730 29
12731 31
12737 8
12739 20
12752 31
12753 26
12754 32
12755 4
12757 7
12760 10
12765 0
12767 17
12768 29
12770 6
12771 9
12772 35
12773 10
12774 42
12776 4
12778 19
12779 27
12781 25
12785 6
12789 24
12791 0
12793 2
12794 46
12795 7
12796 35
12798 46
12800 1
12805 2
12807 10
12808 5
12810 14
12812 40
12815 20
12819 2
12821 8
12826 36
12827 27
12828 38
12830 30
12836 10
12837 20
12841 41
12843 32
12844 43
12845 28
12846 14
12847 3
12848 38
12849 7
12855 41
12857 5
12860 44
12861 39
12866 17
12871 32
12872 28
12873 2
12875 7
12879 31
12880 21
12881 44
12882 30
12889 28
12890 32
12892 14
12893 4
12897 13
12898 39
12904 22
12905 2
12907 42
12908 17
12915 2
12917 22
12919 20
12922 14
12923 5
12924 18
12927 11
12928 42
12932 3
12933 27
12934 35
12936 38
12939 37
12942 40
12943 12
12944 44
12948 21
12951 26
12955 16
12956 37
12958 22
12962 12
12964 37
12966 24
12967 21
12968 46
12969 47
12973 27
12977 15
12979 5
12980 41
12986 10
12989 22
12992 8
12993 32
12995 45
13001 9
13005 23
13008 3
13011 8
13012 11
13016 20
13018 0
13019 7
13022 36
13023 4
13027 23
13033 46
13034 4
13036 34
13037 39
13043 3
13050 18
13052 14
13053 30
13054 40
13056 33
13060 5
13061 40
13066 39
13068 15
13070 40
13072 39
13074 47
13078 39
13079 6
13085 36
13088 38
13089 23
13090 17
13097 9
13099 21
13101 29
13103 20
13104 16
13106 42
13107 1
13110 7
13113 31
13115 14
13117 6
13119 38
13122 0
13130 2
13134 21
13136 25
13142 29
13143 14
13147 9
13148 7
13150 4
13151 18
13158 9
13159 46
13160 0
13164 28
13168 10
13171 9
13172 17
13173 22
13176 30
13180 4
13181 5
13183 22
13188 46
13189 9
13190 7
13191 19
13193 38
13197 9
13198 24
13199 28
13203 30
13206 4
13216 26
13218 19
13220 44
13222 41
13225 10
13226 8
13228 47
13232 23
13235 5
13236 28
13242 19
13244 2
13246 29
13251 16
13254 30
13255 23
13256 14
13258 9
13259 17
13262 1
13263 45
13264 0
13265 18
13266 36
13267 4
13272 3
13273 40
13274 13
13275 32
13277 45
13279 22
13280 1
13282 45
13286 33
13287 39
13288 17
13289 42
13290 16
13291 19
13293 39
13299 41
13300 34
13303 37
13306 22
13307 43
13308 35
13310 9
13311 8
13313 38
13314 41
13317 25
13319 32
13320 29
13321 46
13325 11
13326 6
13328 37
13330 19
13336 20
13337 24
13338 32
13340 45
13341 23
13342 2
13345 13
13346 36
13347 47
13349 40
13350 41
13352 27
13356 2
13359 23
13361 41
13362 24
13363 27
13364 19
13365 0
13366 26
13367 31
13368 42
13370 39
13372 44
13377 9
13379 38
13382 8
13388 43
13389 19
13390 35
13391 42
13395 19
13396 46
13400 6
13401 26
13404 14
13412 45
13417 37
13421 32
13422 13
13425 1
13426 42
13431 40
13432 39
13433 10
13434 27
13442 35
13445 4
13448 41
13450 26
13454 45
13456 10
13458 35
13460 31
13462 24
13465 4
13469 30
13470 22
13473 45
13479 35
13482 3
13489 28
13494 15
13495 11
13496 46
13501 4
13502 29
13503 21
13505 44
13506 37
13507 15
13508 14
13517 17
13523 42
13525 25
13531 47
13535 3
13540 23
13542 18
13543 33
13544 4
13545 1
13546 34
13547 38
13549 33
13556 40
13557 8
13558 24
13565 27
13566 22
13569 31
13573 24
13579 47
13581 33
13582 24
13583 4
13585 28
13587 3
13589 35
13591 9
13595 1
13599 37
13600 1
13602 25
13607 8
13609 21
13612 31
13616 42
13618 25
13619 45
13620 33
13624 10
13629 4
13633 22
13634 47
13636 11
13641 44
13643 12
13645 17
13646 3
13648 4
13653 31
13655 46
13658 30
13666 26
13670 0
13671 24
13673 11
13675 20
13679 3
13680 24
13681 8
13685 6
13686 15
13687 47
13688 6
13690 35
13692 43
13693 23
13694 26
13698 0
13700 6
13701 42
13704 38
13705 46
13708 3
13709 19
13710 20
13711 32
13716 9
13718 20
13719 5
13726 21
13728 28
13730 27
13735 28
13736 33
13738 6
13739 32
13741 1
13742 20
13744 2
13745 13
13746 34
13749 11
13750 8
13751 42
13754 39
13755 24
13757 21
13759 3
13761 12
13762 38
13763 18
13765 44
13773 27
13775 7
13779 2
13781 3
13782 9
13785 41
13790 24
13794 33
13795 30
13796 23
13798 38
13801 35
13804 18
13805 45
13806 14
13815 28
13818 42
13820 19
13822 28
13831 20
13832 2
13833 14
13836 18
13837 37
13838 26
13841 45
13844 29
13850 0
13851 41
13852 13
13860 5
13861 9
13865 21
13867 10
13871 44
13873 22
13874 0
13875 9
13876 14
13885 28
13889 33
13891 6
13899 20
13906 37
13907 23
13910 32
13913 20
13917 4
13918 45
13919 40
13920 21
13921 31
13927 4
13928 1
13931 12
13932 14
13937 40
13940 35
13941 27
13942 32
13944 16
13945 29
13948 47
13949 14
13950 20
13951 39
13952 22
13954 34
13957 39
13959 46
13963 24
13964 21
13966 43
13971 41
13976 0
13977 11
13978 1
13979 13
13980 4
13985 9
13989 36
13996 24
13999 0
14002 14
14004 33
14005 2
14011 37
14018 39
14023 43
14026 25
14027 36
14028 3
14031 23
14033 11
14034 35
14036 43
14037 37
14039 42
14040 20
14041 18
14042 9
14051 18
14052 25
14056 8
14057 43
14058 2
14060 16
14066 10
14068 5
14069 4
14070 23
14071 27
14073 21
14080 34
14088 24
14091 42
14096 11
14098 40
14101 37
14102 8
14104 33
14105 38
14109 25
14115 0
14117 26
14119 5
14120 19
14121 9
14124 15
14125 36
14126 8
14127 19
14133 3
14134 33
14136 42
14137 36
14139 37
14141 32
14142 12
14143 37
14145 32
14148 9
14152 29
14153 16
14154 45
14155 23
14158 45
14160 0
14161 33
14162 32
14163 40
14166 12
14168 41
14169 3
14171 29
14180 6
14182 17
14185 31
14186 12
14191 20
14193 15
14196 24
14200 44
14202 25
14203 44
14205 30
14208 45
14216 28
14217 39
14225 4
14226 1
14227 13
14228 2
14229 14
14230 23
14232 11
14234 18
14235 16
14236 24
14240 47
14247 21
14249 2
14250 36
14251 42
14254 44
14256 7
14257 6
14260 8
14263 25
14264 18
14268 43
14272 38
14276 12
14281 41
14283 33
14288 7
14289 15
14290 9
14296 6
14297 13
14299 12
14300 42
14301 34
14303 14
14304 28
14305 40
14306 35
14308 9
14309 34
14311 39
14313 8
14317 20
14318 38
14320 41
14321 26
14322 2
14324 27
14331 32
14336 23
14337 11
14338 41
14342 14
14344 28
14347 35
14349 7
14352 27
14356 31
14359 14
14366 44
14368 42
14371 3
14382 32
14386 46
14388 23
14389 10
14393 11
14396 33
14397 0
14402 17
14405 32
14407 35
14408 41
14409 20
14413 18
14414 27
14418 23
14421 21
14422 46
14424 36
14426 4
14429 36
14432 14
14433 32
14436 43
14437 8
14440 12
14442 33
14443 29
14444 6
14447 12
14450 3
14452 17
14453 16
14454 43
14456 1
14457 27
14458 10
14466 7
14469 2
14470 8
14474 28
14475 34
14477 32
14479 9
14481 29
14482 20
14484 45
14489 24
14494 32
14500 7
14501 21
14504 37
14506 9
14509 46
14514 47
14516 26
14517 3
14518 6
14527 14
14529 15
14532 26
14533 8
14535 47
14541 19
14543 18
14545 1
14547 14
14551 37
14562 23
14563 39
14564 36
14565 30
14566 23
14567 38
14569 17
14572 6
14573 20
14574 16
14581 47
14582 38
14583 33
14584 1
14585 18
14586 11
14589 0
14592 28
14594 9
14597 24
14605 36
14611 40
14613 45
14616 3
14618 24
14621 6
14622 25
14623 30
14624 22
14629 15
14631 34
14634 47
14636 39
14638 2
14640 42
14643 31
14645 42
14646 3
14647 7
14648 3
14650 8
14651 18
14653 15
14655 14
14656 13
14658 16
14661 23
14663 32
14664 34
14665 22
14669 7
14670 19
14671 29
14673 10
14678 21
14679 45
14686 38
14688 15
14691 23
14694 27
14700 26
14705 39
14706 26
14709 6
14713 26
14716 47
14719 38
14725 31
14726 13
14727 0
14729 26
14737 22
14738 30
14740 41
14741 38
14743 0
14744 47
14745 46
14747 44
14752 16
14753 13
14756 4
14758 38
14759 41
14763 6
14764 28
14772 45
14774 26
14779 27
14782 43
14784 7
14785 30
14786 32
14788 1
14794 26
14795 16
14797 22
14800 46
14803 39
14807 11
14808 41
14811 45
14814 17
14816 33
14817 22
14820 2
14822 41
14824 19
14825 15
14827 9
14830 0
14832 41
14836 31
14837 24
14841 19
14845 30
14848 45
14850 8
14852 28
14853 18
14855 36
14856 13
14858 6
14862 35
14863 19
14865 0
14867 43
14869 38
14872 27
14874 25
14876 20
14879 6
14880 42
14881 1
14883 40
14891 7
14892 26
14894 28
14895 36
14905 18
14906 27
14907 10
14909 18
14920 44
14921 45
14925 20
14926 17
14937 43
14942 27
14943 16
14947 42
14949 1
14955 4
14956 8
14958 47
14959 35
14964 37
14968 33
14970 3
14974 7
14975 6
14977 25
14978 3
14980 22
14986 21
14987 43
14988 5
14989 1
14990 17
14995 4
15006 47
15007 5
15008 37
15010 11
15011 35
15014 9
15022 39
15024 45
15027 15
15028 23
15029 31
15030 17
15034 22
15035 3
15040 15
15045 8
15046 9
15047 13
15049 4
15050 25
15052 30
15053 10
15054 3
15055 18
15056 20
15057 42
15059 34
15063 25
15064 3
15065 7
15068 31
15072 22
15075 19
15076 0
15082 28
15083 46
15086 43
15087 33
15088 12
15091 38
15092 46
15093 47
15095 2
15099 11
15104 1
15106 22
15108 2
15109 42
15111 39
15113 21
15123 46
15126 10
15127 36
15128 27
15129 32
15130 35
15131 37
15133 41
15136 21
15140 9
15141 45
15143 25
15148 37
15152 27
15153 23
15156 41
15157 28
15161 44
15162 37
15164 18
15166 31
15168 19
15170 25
15176 42
15180 5
15181 17
15182 31
15183 13
15184 45
15187 20
15191 11
15193 20
15196 40
15209 27
15210 0
15212 28
15213 22
15215 2
15218 3
15220 12
15222 3
15223 35
15225 41
15229 2
15231 34
15237 11
15240 46
15246 21
15247 26
15251 7
15252 35
15259 27
15260 8
15263 12
15269 4
15273 0
15275 27
15276 15
15279 25
15282 10
15283 45
15284 36
15288 0
15291 29
15292 14
15293 15
15297 2
15298 42
15299 34
15301 6
15310 2
15313 12
15316 47
15319 16
15320 45
15321 30
15322 40
15324 1
15325 4
15326 23
15328 12
15331 13
15332 18
15334 8
15337 47
15339 1
15340 28
15341 10
15342 46
15343 27
15350 18
15353 30
15354 39
15356 5
15359 18
15361 46
15363 26
15365 33
15369 12
15371 8
15374 6
15376 45
15378 37
15381 47
15383 18
15384 16
15386 17
15388 43
15393 30
15394 15
15397 33
15399 32
15402 21
15405 38
15408 25
15409 44
15410 0
15415 19
15417 36
15418 20
15420 37
15423 21
15426 6
15427 40
15433 17
15435 7
15437 3
15439 13
15441 10
15442 4
15446 12
15447 16
15452 15
15454 11
15455 28
15456 45
15457 9
15458 23
15461 31
15463 41
15469 11
15470 23
15471 19
15474 13
15476 47
15477 34
15481 14
15482 12
15486 23
15487 47
15491 29
15497 41
15498 21
15499 46
15501 29
15502 2
15504 0
15508 42
15511 12
15514 20
15515 46
15517 18
15524 16
15525 44
15527 1
15529 18
15531 45
15532 0
15533 29
15535 24
15542 26
15543 39
15546 37
15548 11
15550 46
15552 29
15553 24
15558 7
15559 26
15563 5
15567 2
15569 27
15570 34
15577 26
15582 36
15585 7
15587 23
15588 42
15595 5
15602 6
15603 33
15606 10
15607 37
15609 13
15613 35
15616 40
15617 2
15618 43
15620 8
15621 30
15622 36
15624 47
15625 46
15628 5
15632 40
15638 34
15640 43
15644 45
15645 16
15647 11
15649 6
15650 12
15652 21
15653 30
15654 34
15656 13
15657 35
15666 44
15668 36
15671 31
15673 47
15679 15
15681 27
15687 38
15688 13
15693 3
15694 9
15697 47
15700 22
15701 11
15703 3
15710 31
15723 34
15724 39
15727 16
15728 6
15731 28
15733 32
15737 46
15738 42
15740 0
15745 17
15746 44
15754 8
15761 30
15762 5
15764 26
15765 6
15766 12
15769 24
15770 47
15772 12
15773 29
15774 39
15781 36
15783 40
15784 41
15785 2
15786 16
15788 46
15790 28
15792 13
15793 23
15795 15
15803 21
15809 39
15811 15
15813 9
15815 31
15817 35
15824 38
15825 21
15827 37
15831 7
15837 5
15840 13
15841 39
15843 17
15845 19
15847 40
15848 42
15849 36
15850 24
15853 18
15856 8
15858 18
15859 14
15860 22
15862 15
15863 38
15864 5
15866 4
15875 10
15878 8
15881 16
15882 39
15883 10
15884 17
15885 0
15886 10
15889 13
15890 46
15892 12
15893 38
15897 28
15900 6
15901 46
15909 36
15919 10
15922 29
15923 1
15925 5
15926 10
15930 21
15931 34
15933 43
15935 19
15938 0
15945 10
15952 46
15953 16
15956 2
15961 40
15963 2
15967 8
15968 40
15969 26
15970 33
15972 32
15975 25
15977 1
15979 31
15981 30
15983 3
15984 34
15995 13
15996 2
15997 16
15999 33
16002 23
16004 17
16006 43
16009 14
16010 42
16012 38
16015 15
16016 39
16017 45
16021 6
16024 47
16029 13
16031 14
16038 17
16042 11
16043 5
16044 34
16045 3
16050 28
16053 26
16054 35
16056 39
16059 22
16062 37
16064 26
16065 21
16066 32
16067 42
16070 46
16071 2
16073 32
16075 17
16076 40
16080 18
16081 21
16082 31
16090 43
16093 19
16094 16
16095 15
16099 22
16100 4
16101 32
16103 43
16104 23
16106 4
16107 23
16109 0
16115 18
16124 41
16125 22
16126 33
16129 41
16130 15
16132 43
16137 10
16139 39
16141 10
16142 14
16148 38
16153 46
16155 15
16161 29
16162 16
16167 43
16168 12
16175 2
16176 23
16177 14
16178 1
16180 21
16182 7
16185 35
16188 32
16189 45
16191 5
16192 0
16193 28
16195 37
16196 27
16202 13
16203 28
16205 13
16207 26
16212 18
16214 2
16217 29
16218 30
16220 1
16222 11
16224 33
16228 20
16233 6
16235 27
16239 14
16240 9
16245 6
16250 9
16254 22
16257 41
16261 42
16263 24
16273 22
16280 33
16281 30
16282 6
16283 20
16285 29
16289 26
16290 35
16292 27
16296 30
16297 29
16299 46
16306 40
16308 10
16309 15
16311 29
16312 7
16314 19
16319 43
16321 22
16326 42
16327 33
16330 41
16333 39
16335 43
16336 44
16337 40
16339 0
16342 2
16344 27
16345 38
16349 19
16351 12
16352 21
16353 44
16356 12
16359 31
16360 26
16361 21
16366 5
16372 39
16377 0
16378 24
16379 13
16380 42
16387 32
16394 8
16395 14
16396 16
16399 6
16401 45
16403 15
16404 3
16413 9
16416 5
16417 34
16418 1
16419 25
16421 27
16423 43
16434 47
16435 16
16436 42
16439 9
16440 40
16442 31
16443 46
16448 5
16450 22
16453 41
16455 36
16458 33
16461 29
16463 33
16468 37
16473 38
16481 19
16483 18
16487 4
16496 37
16498 6
16500 47
16505 19
16507 37
16518 47
16522 29
16524 26
16525 25
16526 45
16534 38
16536 7
16537 32
16542 10
16545 47
16550 38
16555 15
16556 33
16557 25
16559 15
16564 33
16567 22
16568 1
16569 14
16571 31
16574 18
16575 1
16576 45
16587 24
16588 10
16590 3
16594 1
16601 43
16602 45
16605 47
16618 0
16619 7
16620 9
16621 33
16622 5
16626 4
16629 6
16630 2
16631 13
16632 12
16633 35
16634 29
16636 32
16639 28
16640 44
16641 24
16648 27
16652 1
16654 10
16655 21
16656 36
16658 5
16666 32
16667 38
16669 22
16672 19
16673 13
16674 35
16675 25
16681 44
16687 27
16689 1
16694 0
16696 3
16706 17
16707 38
16709 25
16710 4
16713 29
16717 9
16718 17
16726 45
16729 24
16733 34
16734 22
16735 24
16736 20
16737 27
16738 37
16739 9
16740 25
16742 35
16744 25
16745 26
16747 28
16748 4
16751 44
16752 18
16757 35
16758 22
16759 43
16762 4
16763 22
16764 7
16765 39
16767 4
16775 9
16776 31
16779 40
16781 28
16783 12
16790 33
16798 27
16799 22
16806 18
16807 14
16810 0
16812 46
16815 45
16820 24
16821 27
16822 15
16826 8
16827 42
16831 27
16832 2
16836 1
16837 22
16838 2
16840 13
16842 28
16843 5
16845 7
16846 23
16848 31
16850 26
16852 20
16853 33
16855 10
16862 33
16865 27
16869 20
16871 29
16872 4
16874 3
16875 5
16876 15
16878 13
16879 22
16882 44
16883 41
16884 1
16886 27
16887 39
16890 23
16894 21
16895 30
16896 0
16898 30
16900 4
16901 43
16903 41
16905 29
16906 9
16907 47
16908 10
16909 34
16910 47
16911 41
16914 1
16916 14
16917 18
16920 30
16921 13
16924 8
16929 34
16934 26
16935 35
16937 25
16942 3
16946 25
16947 19
16952 23
16953 1
16955 33
16956 0
16961 15
16964 1
16965 10
16967 6
16972 9
16975 12
16977 37
16982 23
16983 24
16990 2
16998 16
16999 26
17000 23
17004 16
17005 7
17007 39
17011 24
17012 27
17018 3
17019 7
17020 13
17022 12
17024 2
17026 11
17028 14
17031 12
17034 29
17036 9
17038 12
17039 34
17046 41
17047 6
17049 5
17050 20
17052 11
17053 25
17054 15
17056 12
17061 37
17062 31
17069 14
17074 26
17075 42
17077 45
17078 2
17079 39
17080 23
17081 38
17085 47
17088 29
17089 7
17093 28
17094 40
17095 4
17097 18
17099 28
17100 7
17102 40
17112 17
17113 13
17115 27
17118 38
17119 35
17131 28
17132 23
17134 7
17138 21
17140 13
17141 18
17142 10
17143 4
17144 32
17145 36
17146 8
17150 18
17151 43
17152 9
17153 30
17156 37
17160 40
17161 20
17166 44
17167 32
17169 0
17170 4
17172 26
17173 30
17176 33
17178 20
17179 22
17181 35
17182 7
17185 22
17189 43
17191 0
17192 37
17196 45
17198 14
17199 41
17201 3
17202 37
17204 40
17205 1
17206 9
17207 12
17208 1
17211 29
17215 36
17218 35
17219 38
17223 28
17226 35
17230 1
17235 29
17243 37
17244 25
17251 21
17254 8
17262 22
17263 14
17266 22
17267 45
17268 44
17272 9
17274 28
17275 40
17277 25
17283 15
17284 26
17285 37
17287 1
17288 24
17289 29
17293 18
17294 15
17295 27
17297 10
17300 37
17303 4
17306 5
17308 13
17312 15
17320 40
17323 19
17324 35
17327 22
17329 25
17330 11
17333 19
17334 41
17342 16
17344 2
17345 22
17346 12
17347 17
17349 46
17355 0
17358 19
17360 31
17362 42
17366 33
17371 41
17376 24
17381 0
17383 21
17384 12
17386 35
17389 25
17394 24
17397 18
17401 2
17403 12
17404 33
17406 24
17408 20
17414 9
17416 30
17421 3
17423 1
17427 5
17433 39
17434 47
17439 40
17443 47
17444 11
17446 15
17447 9
17450 7
17451 9
17452 23
17454 30
17455 36
17457 24
17459 26
17461 34
17465 21
17470 32
17471 42
17472 27
17474 35
17477 15
17482 9
17485 11
17489 21
17490 19
17494 42
17497 13
17498 23
17499 44
17500 19
17501 46
17504 23
17505 17
17506 12
17507 37
17509 47
17510 41
17513 20
17514 6
17518 20
17520 15
17522 6
17523 13
17524 35
17525 31
17528 0
17529 16
17530 44
17531 23
17532 15
17534 5
17535 28
17536 9
17540 28
17545 1
17546 42
17549 9
17550 10
17552 46
17553 8
17554 26
17558 42
17561 24
17562 29
17564 5
17568 0
17570 39
17574 1
17575 36
17578 37
17582 21
17584 20
17585 40
17587 42
17588 31
17591 10
17593 37
17595 40
17600 29
17603 32
17604 43
17605 22
17606 14
17608 13
17612 7
17614 35
17618 32
17619 21
17621 22
17622 8
17626 22
17629 36
17631 33
17633 8
17640 22
17642 35
17646 24
17649 37
17656 17
17658 15
17659 30
17661 46
17666 47
17676 19
17678 7
17679 32
17682 7
17684 24
17685 40
17686 43
17687 44
17688 1
17691 16
17694 17
17697 19
17698 16
17700 10
17701 0
17703 35
17704 9
17705 10
17707 7
17708 23
17709 33
17713 4
17715 22
17721 43
17728 47
17730 33
17731 43
17734 0
17738 15
17744 3
17749 20
17750 30
17752 22
17755 34
17756 45
17757 47
17758 45
17760 29
17765 18
17767 46
17772 18
17773 13
17775 7
17779 27
17784 47
17791 5
17793 27
17795 46
17802 13
17803 8
17805 37
17808 30
17810 9
17819 20
17821 27
17823 7
17824 27
17826 26
17827 6
17828 5
17837 14
17839 6
17841 22
17843 36
17852 9
17855 22
17860 19
17861 28
17867 40
17869 14
17870 34
17871 29
17872 35
17877 3
17878 39
17879 7
17880 21
17882 18
17885 12
17893 39
17897 15
17898 32
17900 5
17903 29
17908 33
17909 36
17912 8
17917 11
17918 27
17920 22
17923 29
17928 30
17931 15
17940 1
17941 14
17945 19
17946 46
17952 19
17956 31
17958 21
17962 25
17963 36
17964 16
17966 32
17968 4
17975 18
17976 42
17977 14
17978 19
17983 13
17986 10
17987 5
17989 39
17991 0
17995 19
17997 45
18000 14
18001 24
18003 22
18007 12
18009 18
18011 34
18013 25
18018 9
18019 3
18023 34
18024 35
18029 1
18030 42
18032 37
18034 18
18041 1
18043 33
18044 29
18048 9
18050 6
18051 9
18053 7
18055 27
18060 37
18066 46
18067 30
18069 33
18072 15
18073 9
18074 7
18075 27
18076 15
18078 32
18080 47
18085 9
18089 7
18090 2
18092 4
18093 37
18095 2
18096 45
18097 31
18100 20
18106 23
18107 11
18108 14
18110 24
18113 47
18115 4
18119 15
18122 44
18125 35
18126 23
18127 34
18130 46
18132 15
18133 43
18134 46
18136 31
18138 32
18139 34
18141 7
18144 0
18146 15
18156 29
18158 3
18159 35
18160 16
18161 29
18165 3
18170 21
18172 42
18174 11
18175 24
18176 19
18177 29
18180 28
18182 47
18185 29
18186 46
18188 0
18195 26
18199 47
18203 45
18207 5
18208 18
18209 46
18213 5
18215 34
18218 2
18219 15
18226 13
18228 47
18229 5
18231 31
18233 33
18234 41
18236 14
18237 26
18239 5
18241 4
18242 25
18246 41
18247 14
18248 26
18249 40
18251 10
18252 24
18257 3
18259 17
18265 12
18266 18
18268 17
18269 15
18273 28
18275 37
18280 9
18281 24
18283 4
18284 15
18287 1
18292 18
18298 13
18300 45
18301 17
18303 9
18305 43
18311 21
18315 31
18318 19
18319 43
18321 44
18322 45
18323 26
18324 39
18326 30
18327 11
18330 44
18331 5
18340 20
18341 31
18348 4
18349 17
18350 6
18351 27
18353 17
18355 22
18356 0
18357 45
18359 3
18361 18
18362 23
18364 40
18365 4
18366 17
18367 23
18369 7
18375 36
18376 3
18377 19
18379 24
18381 27
18383 5
18385 39
18388 47
18389 16
18391 22
18398 36
18402 16
18410 15
18412 42
18413 4
18414 38
18418 46
18422 28
18423 33
18424 40
18425 22
18426 3
18431 21
18434 39
18437 1
18439 18
18440 24
18445 29
18447 35
18448 33
18449 4
18452 23
18453 31
18454 1
18455 45
18458 14
18465 3
18466 28
18467 26
18469 2
18473 39
18474 36
18476 12
18478 18
18479 42
18480 46
18483 13
18486 16
18491 43
18494 23
18496 39
18498 30
18499 37
18500 25
18501 14
18505 2
18506 13
18509 44
18510 1
18514 24
18517 17
18518 0
18519 10
18522 4
18524 28
18529 5
18533 25
18534 37
18535 28
18536 30
18538 43
18539 29
18540 25
18541 0
18545 30
18546 40
18547 24
18548 19
18550 46
18551 13
18556 9
18563 40
18565 28
18566 47
18574 45
18575 41
18578 14
18580 47
18583 7
18585 40
18586 30
18592 28
18593 38
18594 14
18595 2
18596 47
18597 24
18600 14
18601 26
18603 47
18604 32
18611 7
18614 20
18615 44
18619 38
18620 46
18624 45
18625 22
18626 26
18628 0
18631 1
18632 0
18633 27
18642 10
18643 37
18645 2
18647 27
18650 6
18651 46
18652 17
18653 45
18657 37
18659 44
18660 34
18662 37
18664 35
18667 47
18669 3
18670 24
18672 28
18673 16
18676 20
18677 16
18680 44
18682 34
18691 30
18693 43
18694 20
18696 8
18697 7
18701 30
18703 18
18704 32
18706 45
18707 8
18711 45
18713 0
18717 9
18720 14
18724 46
18725 21
18728 35
18729 5
18733 13
18735 2
18737 26
18749 44
18751 30
18756 42
18761 13
18763 5
18764 21
18768 25
18770 46
18778 4
18788 13
18790 2
18794 14
18797 1
18799 37
18804 29
18806 34
18808 8
18810 17
18814 31
18815 41
18817 23
18818 25
18821 27
18825 40
18827 36
18830 21
18831 42
18832 22
18833 37
18836 31
18839 13
18840 28
18842 31
18844 43
18847 30
18849 5
18850 46
18856 27
18862 8
18866 2
18868 16
18869 24
18870 13
18871 32
18876 16
18878 3
18884 24
18886 33
18887 0
18888 4
18889 27
18893 41
18895 12
18896 19
18899 35
18900 38
18906 24
18910 28
18911 5
18912 13
18914 29
18915 35
18917 38
18919 8
18926 47
18928 17
18929 5
18930 42
18935 32
18938 20
18939 21
18945 34
18947 26
18955 0
18956 19
18962 14
18963 44
18964 24
18968 4
18972 5
18973 0
18974 20
18979 11
18982 34
18983 16
18987 25
18989 1
18990 47
18997 43
19000 23
19003 42
19008 20
19009 40
19011 5
19013 27
19016 47
19019 31
19020 44
19023 14
19029 10
19031 0
19037 3
19042 18
19043 20
19045 7
19046 35
19047 41
19048 9
19049 20
19050 34
19051 25
19052 29
19053 23
19054 42
19060 46
19062 6
19063 7
19067 29
19068 35
19073 41
19076 2
19077 45
19079 38
19087 10
19088 34
19090 7
19091 32
19093 18
19094 7
19097 42
19099 0
19100 2
19102 22
19104 40
19110 24
19113 9
19115 21
19119 28
19120 5
19122 11
19123 47
19124 3
19128 10
19129 13
19132 44
19133 25
19136 2
19137 34
19140 3
19142 11
19144 7
19148 18
19151 45
19152 47
19153 43
19154 34
19156 25
19159 6
19161 24
19166 35
19167 37
19169 19
19170 17
19172 22
19173 13
19178 47
19180 30
19181 47
19185 28
19187 34
19189 8
19191 20
19194 39
19195 16
19196 15
19198 37
19201 5
19202 13
19204 36
19206 29
19208 17
19212 18
19214 28
19219 11
19220 12
19224 17
19230 10
19232 1
19236 47
19243 24
19245 16
19247 2
19249 41
19254 5
19256 25
19257 36
19259 40
19262 3
19264 8
19270 14
19272 47
19273 15
19274 47
19280 35
19282 33
19285 17
19286 34
19287 9
19289 37
19290 30
19293 22
19300 23
19303 12
19304 11
19309 9
19317 27
19321 37
19326 22
19327 19
19329 36
19330 37
19331 4
19332 45
19333 26
19334 37
19337 33
19338 46
19340 41
19342 3
19348 46
19349 23
19350 5
19352 26
19354 29
19355 41
19362 10
19368 29
19370 22
19371 27
19372 24
19373 34
19378 1
19383 28
19388 6
19390 10
19393 8
19395 1
19398 7
19399 8
19401 46
19403 9
19404 22
19405 36
19408 33
19410 8
19412 0
19416 16
19417 27
19418 35
19425 20
19426 6
19429 37
19432 38
19433 1
19440 7
19443 35
19445 20
19449 9
19457 5
19458 9
19460 1
19461 3
19463 22
19464 17
19465 16
19466 7
19468 23
19469 30
19471 15
19480 1
19483 4
19487 0
19491 5
19493 4
19496 33
19497 41
19498 3
19501 33
19503 46
19507 29
19509 17
19511 29
19513 19
19515 28
19516 25
19518 14
19524 12
19525 15
19526 12
19529 39
19530 4
19532 19
19541 5
19544 30
19545 18
19547 41
19548 5
19549 1
19550 4
19551 18
19552 30
19553 17
19554 7
19555 27
19556 8
19562 19
19564 2
19567 6
19570 36
19572 18
19574 37
19576 6
19578 36
19579 10
19584 1
19587 15
19589 35
19590 24
19593 13
19595 1
19596 6
19599 17
19607 8
19609 40
19614 1
19619 34
19620 7
19622 29
19627 46
19630 33
19632 14
19633 28
19636 25
19638 13
19640 47
19647 10
19649 3
19651 4
19652 32
19657 35
19658 7
19667 1
19669 33
19670 32
19671 31
19672 24
19673 30
19675 4
19677 41
19678 20
19679 34
19680 28
19683 17
19684 26
19685 14
19689 41
19691 27
19694 31
19696 21
19698 8
19699 20
19702 14
19705 18
19707 16
19709 12
19710 14
19711 21
19712 12
19716 29
19717 30
19720 36
19723 18
19725 33
19728 11
19730 7
19738 0
19740 13
19741 7
19742 41
19745 15
19746 47
19747 17
19748 44
19756 19
19758 40
19761 41
19762 23
19766 25
19767 5
19768 42
19771 35
19772 31
19774 23
19775 17
19777 5
19778 47
19780 45
19784 12
19785 36
19788 46
19789 34
19790 42
19791 43
19793 1
19798 22
19800 29
19801 41
19802 28
19803 40
19804 18
19805 10
19810 17
19811 19
19812 45
19819 22
19820 6
19822 0
19825 27
19826 40
19827 7
19828 38
19835 30
19837 18
19841 7
19842 23
19844 33
19846 34
19850 17
19852 3
19856 26
19861 27
19862 5
19863 9
19865 45
19870 13
19871 36
19873 16
19874 46
19875 23
19880 39
19882 37
19883 17
19887 35
19891 3
19892 40
19893 6
19895 34
19896 2
19897 20
19900 21
19901 14
19902 19
19903 20
19905 34
19907 28
19908 32
19915 21
19919 19
19920 12
19921 26
19927 24
19930 20
19933 24
19935 11
19936 46
19943 15
19945 27
19947 11
19949 32
19950 12
19951 39
19954 42
19958 37
19960 9
19961 41
19968 25
19969 24
19973 7
19976 32
19977 3
19978 14
19979 39
19982 21
19984 34
19985 4
19986 27
19990 30
19991 20
19995 6
20000 7
20007 34
20008 2
20009 13
20011 41
20015 25
20017 15
20018 30
20019 25
20021 8
20022 39
20024 0
20026 38
20032 42
20035 3
20038 26
20039 44
20041 5
20049 3
20054 33
20055 3
20057 32
20059 40
20062 14
20064 22
20066 42
20068 47
20070 33
20072 37
20075 20
20076 23
20079 43
20081 5
20082 7
20084 32
20087 28
20089 10
20090 47
20098 29
20100 14
20101 7
20104 41
20106 15
20112 5
20114 11
20116 29
20120 44
20121 36
20125 14
20133 25
20140 6
20141 31
20142 30
20143 22
20150 12
20153 5
20158 7
20163 23
20165 36
20166 3
20171 18
20180 11
20181 25
20183 5
20192 4
20194 32
20199 1
20205 15
20208 37
20211 8
20212 44
20215 16
20216 41
20217 4
20225 23
20227 28
20231 47
20233 39
20236 46
20242 7
20248 40
20253 6
20257 12
20260 28
20261 33
20262 8
20263 9
20265 19
20266 10
20267 11
20268 3
20269 15
20272 16
20275 18
20276 3
20279 11
20280 14
20281 45
20282 9
20284 29
20285 42
20289 35
20295 14
20297 1
20298 11
20299 1
20301 16
20302 11
20303 13
20304 40
20305 43
20308 4
20311 34
20313 32
20314 20
20316 43
20317 20
20318 41
20321 0
20325 23
20327 38
20328 10
20330 5
20331 15
20332 4
20336 12
20338 24
20340 20
20341 2
20342 1
20347 13
20350 36
20351 8
20352 9
20355 33
20358 0
20361 12
20364 20
20369 3
20370 36
20372 42
20375 11
20380 15
20383 29
20385 17
20387 40
20391 43
20393 27
20395 31
20402 19
20405 16
20410 29
20413 32
20415 24
20416 28
20419 40
20420 21
20423 42
20430 32
20433 29
20434 13
20436 27
20437 31
20438 40
20439 7
20440 18
20450 42
20453 7
20455 1
20464 16
20467 29
20468 17
20472 11
20477 6
20480 32
20482 2
20485 35
20487 33
20490 6
20492 37
20493 45
20499 0
20500 37
20501 4
20502 16
20504 30
20505 20
20506 8
20509 5
20512 6
20516 47
20519 33
20521 1
20522 29
20528 19
20530 2
20531 9
20533 40
20535 23
20539 17
20542 16
20543 17
20546 37
20547 36
20550 35
20551 21
20552 32
20563 36
20570 43
20572 0
20573 3
20574 22
20578 42
20579 1
20581 12
20584 30
20585 1
20592 25
20594 9
20595 24
20599 23
20600 28
20602 39
20609 23
20612 0
20613 12
20614 19
20618 45
20619 47
20624 46
20626 5
20627 12
20628 19
20630 28
20632 3
20635 2
20638 39
20642 41
20646 21
20649 1
20652 15
20654 2
20656 8
20659 14
20660 41
20663 31
20665 23
20666 18
20667 32
20669 19
20671 47
20673 34
20679 24
20680 35
20681 10
20686 17
20687 5
20688 0
20694 25
20697 30
20699 25
20702 3
20703 16
20705 11
20707 21
20708 7
20709 31
20713 6
20714 29
20722 6
20723 21
20725 11
20732 43
20733 18
20735 31
20738 28
20748 1
20751 39
20754 21
20755 16
20759 13
20760 41
20761 43
20762 0
20764 12
20768 5
20770 12
20772 14
20773 42
20774 34
20775 22
20782 47
20783 41
20785 21
20787 29
20789 14
20793 8
20794 30
20795 37
20797 12
20804 17
20806 24
20809 40
20810 38
20811 4
20812 9
20814 27
20819 47
20823 39
20824 29
20827 16
20828 15
20829 12
20832 13
20833 33
20838 37
20840 6
20841 11
20842 5
20846 31
20847 15
20848 8
20849 39
20851 23
20859 1
20860 15
20863 44
20865 13
20866 33
20867 32
20868 14
20872 24
20873 0
20875 29
20876 36
20878 23
20880 13
20885 44
20886 4
20888 2
20890 19
20892 11
20893 40
20894 23
20897 0
20898 24
20901 9
20903 31
20905 17
20907 36
20912 32
20913 8
20917 32
20918 35
20922 6
20924 7
20925 13
20927 36
20928 20
20934 37
20936 12
20941 37
20943 30
20944 27
20947 46
20949 34
20951 16
20952 26
20953 32
20954 8
20955 12
20960 6
20962 43
20966 21
20969 3
20972 28
20974 46
20977 3
20978 35
20984 13
20987 31
20988 22
20991 7
20993 36
20994 31
20998 38
21000 42
21001 2
21002 41
21005 23
21009 17
21010 6
21017 4
21018 37
21019 24
21021 9
21023 30
21032 45
21036 0
21038 21
21042 26
21044 24
21045 13
21047 27
21048 28
21052 6
21055 47
21058 16
21063 38
21071 19
21074 2
21076 36
21077 44
21078 30
21080 4
21081 31
21087 21
21090 15
21091 30
21092 19
21094 27
21095 46
21097 32
21100 12
21101 41
21102 3
21103 13
21105 14
21106 11
21112 23
21114 35
21117 11
21121 37
21123 21
21134 18
21135 2
21139 15
21141 36
21147 37
21153 44
21154 23
21155 46
21159 12
21162 6
21164 42
21165 30
21166 20
21170 23
21177 18
21179 6
21180 17
21181 21
21186 23
21188 43
21192 32
21193 25
21194 24
21200 9
21206 18
21209 41
21212 11
21214 24
21224 35
21225 20
21227 17
21228 18
21232 13
21237 20
21240 24
21245 36
21247 43
21252 36
21253 11
21257 3
21258 44
21259 24
21260 13
21264 46
21266 6
21270 44
21272 29
21273 15
21275 13
21279 31
21280 22
21284 19
21285 24
21287 42
21291 7
21294 6
21296 12
21297 22
21300 33
21306 9
21309 29
21310 35
21316 10
21319 32
21321 20
21322 27
21323 41
21325 28
21326 35
21328 34
21332 20
21334 2
21335 0
21336 23
21338 41
21339 27
21340 47
21343 42
21344 47
21345 16
21347 47
21348 3
21350 18
21353 33
21359 14
21364 32
21371 4
21373 19
21377 20
21382 36
21386 7
21389 33
21393 27
21395 47
21402 29
21407 14
21408 43
21409 8
21410 2
21412 19
21415 36
21421 5
21422 37
21425 30
21432 34
21436 23
21441 43
21442 26
21443 41
21444 14
21447 29
21449 40
21451 4
21452 29
21456 18
21457 17
21459 37
21461 32
21462 27
21464 6
21466 7
21475 18
21476 11
21483 2
21484 5
21486 24
21487 15
21489 22
21491 35
21492 39
21494 7
21496 41
21497 24
21498 42
21499 32
21500 31
21504 36
21507 19
21509 41
21512 38
21517 16
21518 31
21519 34
21525 11
21526 18
21528 27
21531 30
21532 35
21533 5
21537 21
21541 33
21544 8
21547 47
21553 34
21556 36
21558 9
21560 3
21566 30
21568 34
21569 17
21575 4
21577 46
21583 32
21584 3
21589 41
21593 6
21596 14
21597 38
21602 9
21603 7
21605 42
21606 31
21614 8
21616 45
21618 30
21619 40
21620 46
21621 22
21624 16
21625 2
21626 21
21629 22
21636 32
21640 30
21642 2
21643 21
21647 43
21648 22
21652 40
21657 33
21658 35
21660 45
21663 10
21664 7
21672 42
21674 37
21676 15
21679 5
21684 12
21685 30
21691 21
21692 31
21693 4
21694 11
21699 18
21702 25
21706 28
21707 19
21709 28
21712 32
21717 23
21718 18
21720 19
21722 21
21724 43
21725 28
21726 39
21729 43
21735 27
21738 14
21739 23
21743 6
21744 46
21745 31
21747 35
21749 20
21751 3
21754 31
21757 11
21759 29
21760 35
21766 26
21767 31
21769 46
21770 15
21772 39
21775 16
21782 23
21784 36
21786 40
21792 5
21793 12
21795 8
21796 18
21802 34
21805 37
21807 47
21810 0
21812 16
21821 43
21825 35
21827 13
21832 11
21834 23
21837 44
21844 8
21849 43
21854 34
21856 44
21857 32
21858 0
21860 42
21861 38
21864 5
21867 27
21868 31
21869 28
21872 27
21873 35
21874 11
21875 38
21876 1
21878 20
21882 34
21885 36
21887 27
21890 20
21892 22
21896 36
21897 31
21900 2
21902 30
21904 8
21908 39
21910 5
21913 12
21915 32
21919 9
21921 3
21923 40
21926 15
21928 17
21931 15
21932 4
21942 30
21946 1
21950 34
21954 46
21955 30
21958 19
21963 18
21965 35
21971 10
21977 40
21979 12
21985 38
21992 47
21994 45
21995 17
22002 27
22003 5
22004 38
22006 8
22009 34
22014 33
22016 47
22017 34
22020 19
22022 22
22027 37
22032 13
22036 43
22039 3
22045 23
22051 27
22053 46
22054 40
22063 1
22064 22
22065 11
22067 6
22068 10
22069 28
22070 17
22071 2
22072 20
22074 26
22075 16
22076 24
22081 47
22084 19
22087 28
22088 42
22098 5
22100 20
22101 14
22104 34
22105 11
22108 36
22111 35
22112 8
22119 31
22130 5
22135 25
22144 44
22146 13
22151 2
22153 16
22154 2
22161 14
22164 38
22165 26
22168 5
22170 37
22172 2
22174 7
22180 45
22181 12
22185 23
22191 10
22194 25
22195 28
22197 26
22200 21
22202 27
22203 29
22206 17
22207 44
22208 17
22209 40
22210 28
22212 4
22216 43
22217 22
22221 42
22222 34
22223 7
22225 28
22229 4
22232 33
22233 16
22234 39
22237 47
22238 9
22241 46
22244 24
22246 20
22248 6
22249 11
22252 12
22255 46
22256 27
22257 22
22259 18
22261 37
22267 27
22270 18
22272 29
22273 5
22274 11
22275 4
22279 30
22280 32
22284 19
22286 21
22294 10
22299 31
22300 4
22303 16
22307 37
22311 31
22313 12
22314 18
22320 23
22325 2
22329 39
22331 23
22332 27
22336 7
22340 17
22345 26
22352 1
22356 6
22357 15
22362 40
22365 8
22368 32
22371 26
22379 1
22380 5
22385 30
22388 0
22395 5
22397 14
22401 25
22402 9
22403 21
22405 33
22408 15
22411 34
22414 40
22418 16
22421 47
22422 31
22433 29
22440 35
22443 13
22445 31
22448 18
22451 12
22454 43
22458 24
22460 10
22461 4
22463 47
22464 6
22467 26
22469 23
22470 12
22471 25
22480 14
22483 36
22490 29
22493 42
22499 35
22502 22
22503 0
22506 47
22508 3
22510 42
22514 9
22515 19
22517 38
22522 13
22525 11
22526 10
22528 32
22529 30
22532 19
22533 45
22534 1
22535 32
22539 24
22543 21
22547 30
22550 43
22551 13
22553 11
22557 5
22559 46
22560 8
22565 34
22567 46
22569 13
22571 31
22574 24
22576 6
22577 2
22578 44
22582 38
22586 1
22588 4
22594 21
22597 44
22598 40
22601 2
22606 26
22608 31
22609 25
22611 34
22614 2
22617 38
22620 12
22622 22
22628 15
22629 24
22630 28
22632 9
22635 36
22636 23
22637 25
22640 47
22641 39
22643 2
22648 46
22652 14
22653 20
22656 8
22657 18
22658 7
22660 34
22661 5
22663 12
22664 11
22670 12
22675 0
22679 18
22680 0
22681 27
22682 36
22684 43
22685 11
22686 12
22688 37
22689 4
22690 17
22697 29
22698 42
22709 31
22711 32
22713 21
22716 24
22718 46
22719 36
22720 33
22721 12
22722 13
22726 43
22727 22
22728 5
22729 14
22731 46
22732 20
22735 1
22736 29
22744 2
22745 35
22748 34
22758 47
22759 34
22762 29
22763 6
22768 14
22774 39
22775 40
22776 39
22779 14
22784 29
22791 0
22792 45
22794 26
22797 11
22802 9
22803 2
22804 45
22806 18
22811 44
22815 39
22819 37
22823 1
22824 19
22831 6
22837 37
22839 27
22840 37
22842 17
22844 42
22847 0
22851 3
22853 41
22854 31
22858 3
22862 9
22864 28
22865 6
22869 19
22870 27
22871 30
22872 43
22873 46
22874 13
22877 3
22882 34
22891 27
22896 5
22897 35
22899 0
22900 21
22903 11
22904 22
22907 47
22912 17
22914 23
22917 9
22918 37
22922 2
22925 43
22926 32
22930 34
22933 2
22938 16
22939 41
22941 38
22942 9
22952 35
22955 24
22957 26
22958 37
22959 46
22962 34
22964 36
22966 30
22967 38
22977 0
22979 2
22983 42
22986 7
22987 17
22988 10
22989 41
22990 7
22991 47
22998 31
23006 47
23009 34
23010 44
23014 37
23015 12
23020 36
23021 9
23030 19
23036 8
23038 25
23040 31
23041 19
23043 23
23044 12
23050 22
23052 47
23053 33
23055 38
23059 42
23062 14
23063 21
23072 8
23074 23
23075 14
23082 36
23084 24
23085 46
23092 27
23094 17
23099 29
23102 12
23103 6
23105 45
23107 6
23110 9
23112 5
23113 36
23115 24
23117 32
23119 30
23122 17
23123 35
23132 36
23140 37
23141 44
23143 21
23144 27
23148 30
23151 37
23153 23
23158 42
23161 8
23163 37
23164 7
23165 18
23170 27
23174 41
23179 35
23183 40
23186 7
23192 29
23194 11
23196 39
23198 29
23201 7
23203 45
23205 4
23209 13
23216 36
23217 14
23219 15
23220 32
23223 17
23224 28
23226 14
23229 19
23233 7
23235 32
23236 30
23237 24
23238 12
23242 39
23248 10
23249 42
23250 43
23252 37
23256 9
23258 23
23259 15
23262 4
23264 11
23266 32
23268 10
23278 14
23279 42
23280 5
23286 47
23287 41
23289 15
23291 43
23293 21
23296 25
23299 9
23303 40
23304 29
23305 16
23308 24
23310 15
23311 36
23313 24
23317 35
23318 21
23319 9
23321 17
23322 38
23323 15
23324 32
23327 42
23328 30
23329 11
23335 39
23337 16
23341 22
23344 16
23345 7
23346 10
23348 44
23349 45
23350 11
23353 23
23358 33
23359 5
23360 44
23362 6
23363 38
23365 10
23366 0
23371 32
23372 35
23375 28
23376 18
23377 36
23379 17
23383 40
23384 28
23386 29
23390 10
23393 29
23394 39
23395 44
23396 5
23400 20
23402 11
23403 16
23404 35
23406 4
23411 20
23413 3
23415 27
23416 8
23417 28
23418 17
23422 10
23423 15
23424 24
23425 18
23428 38
23432 26
23433 45
23434 47
23436 27
23438 11
23442 16
23443 19
23448 1
23450 39
23451 32
23454 37
23456 1
23459 45
23460 43
23463 28
23464 20
23467 14
23469 10
23471 29
23472 20
23473 25
23475 2
23476 39
23481 25
23487 35
23489 41
23490 13
23491 1
23493 11
23494 1
23499 33
23500 18
23501 3
23502 9
23506 1
23509 8
23510 41
23513 34
23517 36
23518 2
23521 27
23522 21
23524 33
23525 0
23526 30
23529 35
23531 26
23534 42
23536 47
23539 41
23543 12
23547 32
23550 10
23552 0
23553 13
23554 3
23557 17
23559 43
23562 28
23564 29
23565 16
23566 29
23567 24
23568 17
23569 45
23575 26
23576 29
23577 32
23578 9
23579 24
23580 31
23581 10
23583 32
23585 2
23591 14
23592 43
23593 39
23596 4
23598 6
23601 18
23602 47
23607 3
23616 5
23617 36
23619 39
23620 20
23621 37
23623 7
23625 13
23632 25
23635 4
23636 22
23638 28
23639 39
23640 25
23643 0
23644 7
23645 1
23650 15
23651 29
23657 4
23658 27
23659 10
23669 2
23671 25
23676 40
23680 44
23681 16
23683 22
23690 32
23694 28
23697 1
23698 4
23708 33
23709 27
23711 34
23714 21
23717 44
23719 38
23722 41
23724 8
23725 10
23726 22
23730 16
23732 17
23734 39
23739 32
23741 45
23746 4
23748 40
23749 19
23751 36
23752 24
23753 0
23755 41
23756 29
23757 16
23758 12
23763 30
23764 42
23765 25
23766 30
23767 4
23768 2
23771 31
23772 17
23773 3
23778 4
23780 6
23782 1
23784 44
23786 27
23788 26
23792 15
23796 33
23799 27
23801 10
23806 1
23807 4
23808 37
23811 3
23823 35
23825 33
23827 1
23830 43
23835 9
23839 23
23840 25
23842 22
23843 47
23855 31
23856 21
23857 43
23859 5
23863 46
23865 25
23873 1
23877 5
23885 35
23887 24
23888 5
23889 35
23891 9
23893 21
23897 36
23899 12
23901 33
23906 8
23908 46
23909 27
23911 31
23912 14
23913 42
23914 31
23915 18
23923 13
23924 10
23928 1
23930 36
23931 13
23932 5
23938 33
23940 17
23942 44
23943 16
23944 46
23948 26
23949 38
23950 30
23951 16
23960 37
23963 12
23967 24
23968 38
23972 45
23973 5
23975 33
23977 35
23980 44
23981 5
23986 12
23990 8
23991 38
23993 34
23994 23
23995 16
23997 29
24003 37
24005 31
24006 1
24013 6
24015 8
24023 33
24027 45
24028 37
24030 33
24036 18
24038 35
24041 21
24043 42
24045 37
24049 17
24052 14
24056 37
24058 45
24059 34
24063 5
24065 30
24068 9
24071 40
24076 22
24077 39
24080 30
24081 5
24083 23
24087 41
24090 13
24091 19
24100 32
24101 39
24102 1
24103 30
24104 0
24107 4
24110 30
24112 20
24114 23
24118 31
24119 30
24121 9
24123 27
24124 11
24125 47
24129 31
24131 8
24132 23
24135 6
24140 28
24141 39
24147 42
24149 28
24152 30
24153 39
24158 7
24160 12
24161 29
24164 38
24165 30
24170 24
24171 16
24172 24
24174 19
24175 27
24178 40
24179 26
24180 46
24182 43
24183 33
24185 7
24186 8
24187 39
24189 35
24192 47
24193 19
24195 6
24197 24
24205 12
24208 2
24211 33
24212 37
24213 1
24219 41
24220 32
24224 10
24226 33
24229 12
24231 25
24232 18
24233 31
24234 21
24235 25
24236 0
24242 36
24243 30
24245 34
24250 8
24251 27
24253 1
24260 35
24261 30
24264 43
24271 9
24274 36
24278 15
24282 3
24284 24
24286 23
24290 4
24291 2
24293 47
24295 37
24301 23
24302 15
24304 14
24308 25
24310 38
24316 4
24320 2
24323 20
24326 16
24330 36
24331 5
24332 34
24333 29
24338 35
24347 10
24351 35
24352 26
24353 30
24354 24
24355 16
24358 41
24359 11
24363 16
24369 42
24370 29
24372 13
24375 40
24378 19
24382 26
24384 10
24385 30
24386 47
24390 15
24391 20
24392 39
24395 23
24396 13
24397 33
24398 24
24402 22
24404 32
24405 14
24406 8
24407 37
24408 2
24409 26
24411 31
24414 21
24416 42
24425 15
24427 28
24430 32
24434 16
24436 31
24439 38
24442 15
24443 10
24446 39
24451 38
24452 28
24454 10
24456 26
24460 15
24461 17
24465 4
24466 25
24472 20
24483 28
24485 37
24486 28
24487 42
24488 10
24489 16
24495 10
24496 16
24498 36
24499 31
24503 11
24506 32
24507 5
24509 7
24512 21
24513 18
24514 28
24516 31
24519 0
24520 18
24523 5
24529 44
24530 3
24531 36
24535 2
24537 40
24539 19
24541 35
24542 39
24545 25
24550 17
24551 44
24553 9
24554 6
24557 33
24559 27
24560 37
24564 39
24567 31
24569 28
24570 8
24571 0
24573 46
24578 45
24579 6
24585 44
24596 25
24597 37
24598 15
24599 2
24608 10
24609 32
24610 36
24614 4
24616 32
24618 29
24620 40
24622 43
24624 40
24628 32
24630 24
24632 30
24634 40
24641 12
24642 23
24647 13
24648 0
24650 33
24652 28
24653 32
24655 9
24656 38
24657 40
24659 6
24660 8
24663 5
24667 34
24668 3
24669 0
24670 4
24673 45
24678 12
24679 29
24680 6
24681 44
24688 4
24689 13
24693 27
24694 32
24697 12
24698 18
24699 46
24701 14
24703 10
24704 13
24707 42
24708 13
24711 18
24715 40
24717 37
24718 40
24719 30
24720 5
24721 47
24724 43
24725 5
24726 36
24733 22
24734 29
24739 38
24743 14
24744 12
24748 9
24752 0
24755 41
24758 32
24761 29
24764 4
24767 31
24768 7
24773 22
24779 2
24782 41
24783 47
24787 4
24791 19
24794 24
24795 29
24796 35
24798 47
24799 14
24800 32
24802 13
24805 24
24806 8
24807 40
24809 29
24810 8
24811 44
24815 3
24816 23
24819 9
24820 14
24821 0
24829 34
24831 47
24834 7
24835 47
24837 21
24839 18
24840 37
24844 33
24848 12
24851 7
24853 6
24854 5
24855 1
24856 36
24858 45
24863 47
24866 31
24867 12
24868 15
24870 32
24871 14
24874 2
24875 13
24876 34
24879 31
24882 29
24883 1
24890 26
24893 10
24894 6
24896 32
24904 9
24905 6
24909 8
24911 47
24913 28
24916 6
24923 31
24926 37
24927 38
24933 39
24936 44
24939 5
24942 45
24950 47
24951 7
24959 13
24961 11
24965 10
24967 33
24970 12
24972 13
24976 21
24979 37
24983 43
24984 41
24988 28
24989 2
24990 35
24993 39
24996 33
24997 19
24998 24
25001 39
25002 23
25005 17
25006 46
25010 3
25015 35
25021 25
25026 39
25031 35
25032 47
25037 2
25040 21
25044 33
25045 38
25049 37
25053 45
25055 36
25057 23
25065 9
25067 0
25068 40
25070 15
25071 36
25074 29
25076 18
25077 15
25079 41
25085 26
25086 25
25087 38
25091 5
25093 30
25096 22
25101 41
25104 31
25116 5
25117 31
25120 40
25124 15
25126 22
25129 6
25133 8
25142 17
25145 26
25146 4
25147 26
25148 29
25149 10
25157 0
25162 43
25163 38
25164 22
25169 30
25174 40
25176 37
25180 36
25181 40
25186 22
25191 7
25194 17
25195 7
25203 13
25205 21
25208 45
25209 0
25212 9
25213 34
25219 20
25220 27
25221 42
25223 15
25224 11
25225 10
25227 34
25228 36
25232 21
25233 39
25237 29
25238 3
25243 35
25244 31
25246 0
25247 32
25248 23
25249 0
25251 9
25253 5
25259 29
25260 26
25261 22
25262 3
25265 5
25267 25
25272 31
25274 29
25276 0
25277 45
25278 4
25279 25
25282 31
25286 29
25290 23
25296 15
25297 23
25298 12
25299 7
25301 35
25302 21
25304 5
25305 15
25313 19
25314 25
25317 6
25320 33
25321 47
25322 15
25323 3
25325 35
25327 42
25328 20
25334 45
25338 31
25345 5
25347 41
25348 39
25350 35
25352 18
25353 20
25358 45
25362 47
25364 31
25366 27
25367 4
25377 9
25379 27
25383 26
25385 11
25389 17
25390 12
25398 1
25403 45
25404 28
25407 9
25409 45
25411 41
25416 45
25425 33
25426 42
25430 37
25433 10
25434 11
25435 36
25443 12
25450 35
25452 29
25454 22
25457 42
