    0:     1     1     4
    1:    30    30   130
    2:    66   382   384
    3:    89   130   323
    4:   128   323   382
    5:   207   397   530
    6:   331   384   397
    7:   378  1171  1195
    8:   455   530   639
    9:   563   639   660
   10:   590  1096  1171
   11:   641   772   827
   12:   647   660   721
   13:   710   721   772
   14:   806   853  1021
   15:   827   827   853
   16:   869  1579  1641
   17:   872  1281  1282
   18:   902  1021  1086
   19:   952  1746  1747
   20:   958  1086  1096
   21:   981  1224  1271
   22:   984  1696  1740
   23:   999  1651  1696
   24:  1042  1195  1224
   25:  1072  1740  1746
   26:  1098  1271  1281
   27:  1190  1282  1517
   28:  1259  1532  1543
   29:  1278  1543  1571
   30:  1281  1571  1577
   31:  1314  1577  1579
   32:  1336  1517  1532
   33:  1389  1641  1651
   34:  1503  2092  2110
   35:  1563  2195  2217
   36:  1614  2110  2195
   37:  1674  1747  1748
   38:  1693  1748  1968
   39:  1729  1968  2005
   40:  1844  2005  2018
   41:  1928  2982  2992
   42:  1944  2018  2078
   43:  2004  2890  2906
   44:  2050  2078  2092
   45:  2142  2217  2296
   46:  2207  2359  2436
   47:  2244  2296  2320
   48:  2248  2320  2330
   49:  2256  2330  2359
   50:  2367  2436  2586
   51:  2477  2906  2982
   52:  2490  2768  2803
   53:  2586  2586  2768
   54:  2590  3231  3360
   55:  2712  3013  3020
   56:  2783  2803  2890
   57:  2907  2992  3013
   58:  2908  3020  3216
   59:  2983  3216  3221
   60:  3085  3221  3222
   61:  3163  3222  3231
   62:  3165  3377  3392
   63:  3248  3578  3622
   64:  3287  4030  4043
   65:  3316  3392  3467
   66:  3321  3360  3371
   67:  3344  3371  3377
   68:  3449  3467  3578
   69:  3533  4043  4058
   70:  3575  3622  3945
   71:  3709  4525  4559
   72:  3746  3945  4029
   73:  3763  4279  4432
   74:  3804  4612  4687
   75:  3812  4492  4494
   76:  3866  4029  4030
   77:  4013  4198  4205
   78:  4024  4058  4146
   79:  4106  4146  4198
   80:  4176  4559  4596
   81:  4182  4205  4279
   82:  4222  4432  4468
   83:  4229  4468  4492
   84:  4287  5157  5158
   85:  4313  4596  4600
   86:  4374  4494  4525
   87:  4410  4600  4612
   88:  4426  5051  5052
   89:  4490  5055  5079
   90:  4566  5079  5106
   91:  4577  4764  4879
   92:  4649  4687  4764
   93:  4654  5130  5157
   94:  4792  5106  5130
   95:  4845  4879  5036
   96:  4850  5036  5051
   97:  4892  5299  5327
   98:  4904  5158  5299
   99:  4999  5327  5332
  100:  5027  5567  5611
  101:  5045  5052  5055
  102:  5086  5332  5404
  103:  5233  5409  5499
  104:  5242  5967  6016
  105:  5244  6079  6129
  106:  5375  5404  5409
  107:  5446  5499  5567
  108:  5487  5966  5967
  109:  5493  5674  5831
  110:  5513  6016  6040
  111:  5551  5611  5615
  112:  5575  5668  5674
  113:  5590  5615  5629
  114:  5597  5629  5668
  115:  5649  5881  5882
  116:  5658  6040  6079
  117:  5674  5882  5966
  118:  5698  6501  6516
  119:  5823  5831  5881
  120:  5969  6129  6380
  121:  6104  6380  6415
  122:  6120  6516  6583
  123:  6254  7134  7136
  124:  6267  6415  6444
  125:  6281  6583  6619
  126:  6382  6444  6501
  127:  6410  7136  7167
  128:  6449  6619  6810
  129:  6455  6932  6971
  130:  6456  6971  6977
  131:  6528  7086  7134
  132:  6624  6810  6816
  133:  6641  7954  8036
  134:  6667  7053  7062
  135:  6673  6829  6848
  136:  6691  8037  8047
  137:  6772  6848  6932
  138:  6783  7006  7053
  139:  6815  6816  6829
  140:  6823  6977  7006
  141:  6854  8051  8078
  142:  6974  7062  7086
  143:  7122  7167  7444
  144:  7137  8036  8037
  145:  7139  7919  7954
  146:  7204  7608  7622
  147:  7214  7473  7507
  148:  7227  7444  7445
  149:  7284  7507  7514
  150:  7298  7591  7608
  151:  7418  7445  7473
  152:  7508  7514  7591
  153:  7509  8078  8079
  154:  7546  7764  7848
  155:  7575  7649  7761
  156:  7583  7622  7649
  157:  7637  8047  8051
  158:  7695  7761  7764
  159:  7734  8455  8582
  160:  7801  8349  8353
  161:  7810  7848  7867
  162:  7832  7867  7919
  163:  7976  8079  8349
  164:  8051  8378  8451
  165:  8057  8601  8664
  166:  8085  9892  9913
  167:  8121  9785  9799
  168:  8198  8353  8378
  169:  8213  9780  9785
  170:  8344  8451  8455
  171:  8446  9883  9892
  172:  8483  9446  9459
  173:  8492  9861  9862
  174:  8500  8664  8829
  175:  8502  8582  8601
  176:  8515  9817  9818
  177:  8533  9229  9446
  178:  8573  9774  9780
  179:  8577  9763  9774
  180:  8688  9818  9821
  181:  8705  9745  9760
  182:  8720  8829  8870
  183:  8762  9932  9933
  184:  8777  8870  8892
  185:  8794  9799  9817
  186:  8825  9862  9863
  187:  8844  8892  8960
  188:  8902  9512  9602
  189:  8905  8960  9021
  190:  8910  9880  9883
  191:  8967  9760  9763
  192:  8987  9021  9093
  193:  9078  9105  9155
  194:  9091  9093  9105
  195:  9096  9863  9880
  196:  9102  9657  9732
  197:  9132  9736  9744
  198:  9138  9155  9229
  199:  9162  9744  9745
  200:  9233  9482  9512
  201:  9275  9821  9830
  202:  9349 10337 10347
  203:  9354  9602  9612
  204:  9370  9840  9861
  205:  9383  9732  9736
  206:  9399 10355 10373
  207:  9456  9459  9482
  208:  9540  9638  9650
  209:  9566  9913  9932
  210:  9595  9612  9638
  211:  9602  9650  9657
  212:  9691 10185 10207
  213:  9783 10394 10405
  214:  9822  9830  9840
  215:  9839  9933 10054
  216:  9922 10217 10337
  217:  9952 10207 10217
  218: 10004 10054 10185
  219: 10146 10373 10374
  220: 10203 10483 10780
  221: 10217 10378 10394
  222: 10220 10375 10378
  223: 10254 10374 10375
  224: 10280 10347 10355
  225: 10382 10405 10483
  226: 10402 10855 10879
  227: 10420 10780 10813
  228: 10463 10813 10816
  229: 10466 10820 10855
  230: 10487 10997 11044
  231: 10506 10816 10820
  232: 10513 11941 11951
  233: 10574 11951 11964
  234: 10587 11904 11928
  235: 10637 12010 12030
  236: 10734 11996 12010
  237: 10810 12047 12061
  238: 10874 10879 10997
  239: 10955 11044 11173
  240: 10958 11928 11934
  241: 11052 11251 11324
  242: 11113 11173 11202
  243: 11151 11202 11251
  244: 11167 11327 11423
  245: 11185 11423 11428
  246: 11289 11934 11941
  247: 11307 11324 11327
  248: 11379 11428 11467
  249: 11381 11467 11542
  250: 11406 12037 12047
  251: 11417 11542 11654
  252: 11505 12030 12037
  253: 11530 11654 11904
  254: 11657 12379 12389
  255: 11676 11964 11996
  256: 11758 12061 12086
  257: 11876 12440 12456
  258: 11888 12456 12513
  259: 11984 12203 12341
  260: 12058 12086 12203
  261: 12060 12353 12379
  262: 12133 12389 12440
  263: 12220 12341 12353
  264: 12308 13109 13114
  265: 12401 12513 12515
  266: 12475 12515 12597
  267: 12496 12597 12883
  268: 12604 13016 13019
  269: 12616 13019 13109
  270: 12622 12914 12927
  271: 12678 13114 13135
  272: 12713 12883 12885
  273: 12725 12927 13016
  274: 12800 13500 13569
  275: 12809 12885 12914
  276: 12892 13420 13499
  277: 13027 13192 13313
  278: 13068 13136 13192
  279: 13071 13388 13420
  280: 13128 13135 13136
  281: 13169 13313 13388
  282: 13285 13961 13970
  283: 13432 13907 13961
  284: 13472 13499 13500
  285: 13532 13569 13856
  286: 13594 14275 14372
  287: 13634 14439 14456
  288: 13742 13879 13907
  289: 13830 13856 13879
  290: 13907 13970 14038
  291: 13918 14232 14240
  292: 13928 14456 14459
  293: 13936 14038 14184
  294: 14060 14372 14439
  295: 14061 14184 14232
  296: 14066 14240 14248
  297: 14095 14952 14991
  298: 14186 14930 14952
  299: 14197 14248 14275
  300: 14239 14922 14930
  301: 14329 14459 14507
  302: 14330 14850 14856
  303: 14407 14856 14922
  304: 14435 14507 14759
  305: 14525 14761 14777
  306: 14532 14991 14993
  307: 14601 15365 15369
  308: 14663 14777 14826
  309: 14696 14834 14850
  310: 14713 14759 14761
  311: 14732 15318 15365
  312: 14777 14826 14834
  313: 14794 15271 15300
  314: 14845 15168 15271
  315: 14957 15414 15430
  316: 14979 14993 15124
  317: 14991 15300 15318
  318: 15027 15997 16040
  319: 15041 15944 15985
  320: 15082 15444 15475
  321: 15115 15124 15168
  322: 15118 15369 15414
  323: 15233 15876 15920
  324: 15327 15475 15637
  325: 15361 15430 15444
  326: 15476 15920 15922
  327: 15503 15637 15692
  328: 15535 15739 15876
  329: 15637 16548 16591
  330: 15643 15922 15944
  331: 15654 15692 15712
  332: 15696 15712 15739
  333: 15780 16596 16608
  334: 15805 16591 16596
  335: 15907 15985 15997
  336: 15912 16432 16445
  337: 15956 16445 16537
  338: 15995 16040 16300
  339: 16101 16430 16432
  340: 16194 16336 16430
  341: 16229 16925 16995
  342: 16235 16998 17043
  343: 16251 16300 16336
  344: 16291 16537 16548
  345: 16339 16873 16925
  346: 16452 16995 16998
  347: 16456 16608 16833
  348: 16466 17043 17053
  349: 16500 16862 16873
  350: 16612 17431 17445
  351: 16642 17614 17617
  352: 16701 17053 17099
  353: 16710 17495 17532
  354: 16742 17585 17597
  355: 16782 17468 17473
  356: 16810 17099 17111
  357: 16812 16833 16862
  358: 16906 17447 17468
  359: 16908 17333 17431
  360: 16938 17111 17297
  361: 17087 17445 17447
  362: 17115 17532 17585
  363: 17194 17297 17333
  364: 17318 17493 17495
  365: 17323 18503 18543
  366: 17370 17846 17873
  367: 17466 17473 17493
  368: 17501 17597 17614
  369: 17530 18550 18571
  370: 17533 18571 18584
  371: 17545 17617 17846
  372: 17662 17873 18007
  373: 17791 18447 18503
  374: 17833 18610 18617
  375: 17841 18584 18594
  376: 17894 18055 18060
  377: 17913 18094 18118
  378: 17926 18060 18094
  379: 17974 18007 18055
  380: 17995 18192 18447
  381: 18101 18118 18192
  382: 18198 19033 19058
  383: 18253 18543 18550
  384: 18297 18617 18847
  385: 18412 18847 18881
  386: 18483 18889 18939
  387: 18512 18594 18610
  388: 18534 19014 19033
  389: 18574 18939 18962
  390: 18596 18881 18885
  391: 18723 18885 18889
  392: 18798 19523 19595
  393: 18857 19521 19523
  394: 18902 19468 19514
  395: 18911 18962 19014
  396: 18998 19058 19108
  397: 19026 19112 19444
  398: 19037 19108 19112
  399: 19081 19444 19468
  400: 19129 19792 19855
  401: 19142 19870 19927
  402: 19233 19596 19776
  403: 19254 19988 20011
  404: 19338 19514 19521
  405: 19375 20023 20024
  406: 19395 19855 19870
  407: 19445 20024 20059
  408: 19475 19927 19954
  409: 19584 19595 19596
  410: 19589 20059 20068
  411: 19601 20474 20508
  412: 19606 19776 19792
  413: 19655 19954 19956
  414: 19708 20011 20023
  415: 19859 19987 19988
  416: 19910 19956 19987
  417: 19952 20068 20269
  418: 20041 20368 20474
  419: 20092 20269 20368
  420: 20152 21864 21868
  421: 20229 20531 20545
  422: 20271 20851 20854
  423: 20274 20508 20528
  424: 20331 20528 20531
  425: 20447 20545 20667
  426: 20454 20683 20713
  427: 20460 20667 20683
  428: 20476 20854 20859
  429: 20499 20824 20851
  430: 20524 20753 20769
  431: 20672 20713 20753
  432: 20676 20769 20824
  433: 20705 20991 21143
  434: 20707 21868 21893
  435: 20757 21837 21844
  436: 20844 20859 20970
  437: 20905 21759 21808
  438: 20960 20970 20991
  439: 21055 21310 21312
  440: 21099 21143 21310
  441: 21149 21312 21353
  442: 21165 21353 21368
  443: 21192 21460 21654
  444: 21196 21368 21379
  445: 21300 21654 21684
  446: 21318 21379 21459
  447: 21319 21723 21730
  448: 21340 21684 21691
  449: 21358 21722 21723
  450: 21394 21459 21460
  451: 21433 21731 21759
  452: 21468 21811 21822
  453: 21506 21844 21864
  454: 21592 21730 21731
  455: 21656 21691 21722
  456: 21784 21893 22024
  457: 21786 21808 21811
  458: 21817 22137 22232
  459: 21821 21822 21837
  460: 21870 22113 22137
  461: 21901 22024 22113
  462: 21944 22249 22269
  463: 22026 22350 22366
  464: 22029 22692 22781
  465: 22062 22309 22350
  466: 22122 22232 22249
  467: 22151 22269 22309
  468: 22166 22600 22603
  469: 22226 22552 22559
  470: 22239 22843 22852
  471: 22282 22559 22599
  472: 22287 22366 22477
  473: 22328 22599 22600
  474: 22362 22517 22552
  475: 22422 22825 22843
  476: 22430 22786 22821
  477: 22472 22477 22517
  478: 22576 22603 22692
  479: 22632 22852 23314
  480: 22670 22821 22825
  481: 22774 22781 22786
  482: 22865 23667 23743
  483: 22867 23849 23851
  484: 22950 23368 23435
  485: 23010 23882 23884
  486: 23083 23743 23778
  487: 23125 23314 23368
  488: 23264 23860 23862
  489: 23289 23482 23667
  490: 23348 23872 23876
  491: 23386 23435 23482
  492: 23394 23862 23872
  493: 23430 23876 23882
  494: 23456 23778 23827
  495: 23590 24312 24325
  496: 23604 23884 24312
  497: 23607 23851 23860
  498: 23616 23827 23849
  499: 23625 24325 24361
SUM: 24361 24334 0.9989 414.32 365.65 1807
